    0.0100     0.9998    -0.0392
    0.0200     0.9992    -0.0769
    0.0300     0.9983    -0.1130
    0.0400     0.9970    -0.1477
    0.0500     0.9953    -0.1810
    0.0600     0.9934    -0.2129
    0.0700     0.9911    -0.2434
    0.0800     0.9885    -0.2727
    0.0900     0.9856    -0.3007
    0.1000     0.9825    -0.3275
    0.1100     0.9791    -0.3531
    0.1200     0.9754    -0.3776
    0.1300     0.9715    -0.4009
    0.1400     0.9674    -0.4232
    0.1500     0.9631    -0.4445
    0.1600     0.9585    -0.4647
    0.1700     0.9538    -0.4840
    0.1800     0.9488    -0.5023
    0.1900     0.9437    -0.5197
    0.2000     0.9384    -0.5363
    0.2100     0.9330    -0.5519
    0.2200     0.9274    -0.5668
    0.2300     0.9217    -0.5808
    0.2400     0.9158    -0.5940
    0.2500     0.9098    -0.6065
    0.2600     0.9037    -0.6183
    0.2700     0.8974    -0.6294
    0.2800     0.8911    -0.6398
    0.2900     0.8846    -0.6495
    0.3000     0.8781    -0.6586
    0.3100     0.8715    -0.6671
    0.3200     0.8648    -0.6749
    0.3300     0.8580    -0.6822
    0.3400     0.8511    -0.6890
    0.3500     0.8442    -0.6952
    0.3600     0.8372    -0.7009
    0.3700     0.8302    -0.7061
    0.3800     0.8231    -0.7109
    0.3900     0.8160    -0.7151
    0.4000     0.8088    -0.7189
    0.4100     0.8016    -0.7223
    0.4200     0.7943    -0.7253
    0.4300     0.7871    -0.7278
    0.4400     0.7798    -0.7300
    0.4500     0.7725    -0.7318
    0.4600     0.7652    -0.7333
    0.4700     0.7578    -0.7344
    0.4800     0.7505    -0.7352
    0.4900     0.7431    -0.7356
    0.5000     0.7358    -0.7358
    0.5100     0.7284    -0.7356
    0.5200     0.7210    -0.7352
    0.5300     0.7137    -0.7345
    0.5400     0.7064    -0.7335
    0.5500     0.6990    -0.7323
    0.5600     0.6917    -0.7309
    0.5700     0.6844    -0.7292
    0.5800     0.6771    -0.7273
    0.5900     0.6699    -0.7252
    0.6000     0.6626    -0.7229
    0.6100     0.6554    -0.7204
    0.6200     0.6482    -0.7177
    0.6300     0.6411    -0.7148
    0.6400     0.6339    -0.7118
    0.6500     0.6268    -0.7086
    0.6600     0.6198    -0.7052
    0.6700     0.6127    -0.7017
    0.6800     0.6057    -0.6981
    0.6900     0.5988    -0.6944
    0.7000     0.5918    -0.6905
    0.7100     0.5849    -0.6865
    0.7200     0.5781    -0.6824
    0.7300     0.5713    -0.6781
    0.7400     0.5645    -0.6738
    0.7500     0.5578    -0.6694
    0.7600     0.5512    -0.6649
    0.7700     0.5445    -0.6603
    0.7800     0.5379    -0.6556
    0.7900     0.5314    -0.6509
    0.8000     0.5249    -0.6461
    0.8100     0.5185    -0.6412
    0.8200     0.5121    -0.6363
    0.8300     0.5058    -0.6313
    0.8400     0.4995    -0.6262
    0.8500     0.4932    -0.6211
    0.8600     0.4871    -0.6160
    0.8700     0.4809    -0.6108
    0.8800     0.4748    -0.6056
    0.8900     0.4688    -0.6004
    0.9000     0.4628    -0.5951
    0.9100     0.4569    -0.5898
    0.9200     0.4510    -0.5844
    0.9300     0.4452    -0.5791
    0.9400     0.4395    -0.5737
    0.9500     0.4337    -0.5684
    0.9600     0.4281    -0.5630
    0.9700     0.4225    -0.5576
    0.9800     0.4169    -0.5522
    0.9900     0.4114    -0.5468
    1.0000     0.4060    -0.5413
    1.0100     0.4006    -0.5359
    1.0200     0.3953    -0.5305
    1.0300     0.3900    -0.5251
    1.0400     0.3848    -0.5197
    1.0500     0.3796    -0.5143
    1.0600     0.3745    -0.5089
    1.0700     0.3694    -0.5036
    1.0800     0.3644    -0.4982
    1.0900     0.3595    -0.4929
    1.1000     0.3546    -0.4875
    1.1100     0.3497    -0.4822
    1.1200     0.3449    -0.4769
    1.1300     0.3402    -0.4717
    1.1400     0.3355    -0.4664
    1.1500     0.3309    -0.4612
    1.1600     0.3263    -0.4560
    1.1700     0.3217    -0.4508
    1.1800     0.3173    -0.4457
    1.1900     0.3128    -0.4405
    1.2000     0.3084    -0.4354
    1.2100     0.3041    -0.4304
    1.2200     0.2998    -0.4253
    1.2300     0.2956    -0.4203
    1.2400     0.2914    -0.4154
    1.2500     0.2873    -0.4104
    1.2600     0.2832    -0.4055
    1.2700     0.2792    -0.4006
    1.2800     0.2752    -0.3958
    1.2900     0.2713    -0.3910
    1.3000     0.2674    -0.3862
    1.3100     0.2635    -0.3815
    1.3200     0.2598    -0.3768
    1.3300     0.2560    -0.3721
    1.3400     0.2523    -0.3675
    1.3500     0.2487    -0.3629
    1.3600     0.2451    -0.3584
    1.3700     0.2415    -0.3538
    1.3800     0.2380    -0.3494
    1.3900     0.2345    -0.3449
    1.4000     0.2311    -0.3405
    1.4100     0.2277    -0.3362
    1.4200     0.2244    -0.3319
    1.4300     0.2211    -0.3276
    1.4400     0.2178    -0.3233
    1.4500     0.2146    -0.3191
    1.4600     0.2114    -0.3150
    1.4700     0.2083    -0.3109
    1.4800     0.2052    -0.3068
    1.4900     0.2022    -0.3027
    1.5000     0.1991    -0.2987
    1.5100     0.1962    -0.2948
    1.5200     0.1933    -0.2908
    1.5300     0.1904    -0.2870
    1.5400     0.1875    -0.2831
    1.5500     0.1847    -0.2793
    1.5600     0.1819    -0.2755
    1.5700     0.1792    -0.2718
    1.5800     0.1765    -0.2681
    1.5900     0.1738    -0.2645
    1.6000     0.1712    -0.2609
    1.6100     0.1686    -0.2573
    1.6200     0.1661    -0.2538
    1.6300     0.1635    -0.2503
    1.6400     0.1610    -0.2468
    1.6500     0.1586    -0.2434
    1.6600     0.1562    -0.2401
    1.6700     0.1538    -0.2367
    1.6800     0.1514    -0.2334
    1.6900     0.1491    -0.2302
    1.7000     0.1468    -0.2269
    1.7100     0.1446    -0.2238
    1.7200     0.1424    -0.2206
    1.7300     0.1402    -0.2175
    1.7400     0.1380    -0.2144
    1.7500     0.1359    -0.2114
    1.7600     0.1338    -0.2084
    1.7700     0.1317    -0.2054
    1.7800     0.1297    -0.2025
    1.7900     0.1277    -0.1996
    1.8000     0.1257    -0.1967
    1.8100     0.1237    -0.1939
    1.8200     0.1218    -0.1911
    1.8300     0.1199    -0.1884
    1.8400     0.1180    -0.1856
    1.8500     0.1162    -0.1830
    1.8600     0.1144    -0.1803
    1.8700     0.1126    -0.1777
    1.8800     0.1108    -0.1751
    1.8900     0.1091    -0.1725
    1.9000     0.1074    -0.1700
    1.9100     0.1057    -0.1675
    1.9200     0.1040    -0.1651
    1.9300     0.1024    -0.1626
    1.9400     0.1008    -0.1603
    1.9500     0.0992    -0.1579
    1.9600     0.0976    -0.1556
    1.9700     0.0961    -0.1533
    1.9800     0.0946    -0.1510
    1.9900     0.0931    -0.1487
    2.0000     0.0916    -0.1465
    2.0100     0.0901    -0.1443
    2.0200     0.0887    -0.1422
    2.0300     0.0873    -0.1401
    2.0400     0.0859    -0.1380
    2.0500     0.0845    -0.1359
    2.0600     0.0832    -0.1339
    2.0700     0.0818    -0.1318
    2.0800     0.0805    -0.1299
    2.0900     0.0792    -0.1279
    2.1000     0.0780    -0.1260
    2.1100     0.0767    -0.1241
    2.1200     0.0755    -0.1222
    2.1300     0.0743    -0.1203
    2.1400     0.0731    -0.1185
    2.1500     0.0719    -0.1167
    2.1600     0.0708    -0.1149
    2.1700     0.0696    -0.1132
    2.1800     0.0685    -0.1114
    2.1900     0.0674    -0.1097
    2.2000     0.0663    -0.1080
    2.2100     0.0652    -0.1064
    2.2200     0.0642    -0.1047
    2.2300     0.0631    -0.1031
    2.2400     0.0621    -0.1015
    2.2500     0.0611    -0.1000
    2.2600     0.0601    -0.0984
    2.2700     0.0591    -0.0969
    2.2800     0.0582    -0.0954
    2.2900     0.0572    -0.0939
    2.3000     0.0563    -0.0925
    2.3100     0.0554    -0.0910
    2.3200     0.0545    -0.0896
    2.3300     0.0536    -0.0882
    2.3400     0.0527    -0.0869
    2.3500     0.0518    -0.0855
    2.3600     0.0510    -0.0842
    2.3700     0.0502    -0.0828
    2.3800     0.0493    -0.0815
    2.3900     0.0485    -0.0803
    2.4000     0.0477    -0.0790
    2.4100     0.0469    -0.0778
    2.4200     0.0462    -0.0765
    2.4300     0.0454    -0.0753
    2.4400     0.0447    -0.0741
    2.4500     0.0439    -0.0730
    2.4600     0.0432    -0.0718
    2.4700     0.0425    -0.0707
    2.4800     0.0418    -0.0696
    2.4900     0.0411    -0.0685
    2.5000     0.0404    -0.0674
    2.5100     0.0398    -0.0663
    2.5200     0.0391    -0.0653
    2.5300     0.0385    -0.0642
    2.5400     0.0378    -0.0632
    2.5500     0.0372    -0.0622
    2.5600     0.0366    -0.0612
    2.5700     0.0360    -0.0602
    2.5800     0.0354    -0.0593
    2.5900     0.0348    -0.0583
    2.6000     0.0342    -0.0574
    2.6100     0.0336    -0.0565
    2.6200     0.0331    -0.0555
    2.6300     0.0325    -0.0547
    2.6400     0.0320    -0.0538
    2.6500     0.0314    -0.0529
    2.6600     0.0309    -0.0521
    2.6700     0.0304    -0.0512
    2.6800     0.0299    -0.0504
    2.6900     0.0294    -0.0496
    2.7000     0.0289    -0.0488
    2.7100     0.0284    -0.0480
    2.7200     0.0279    -0.0472
    2.7300     0.0275    -0.0464
    2.7400     0.0270    -0.0457
    2.7500     0.0266    -0.0450
    2.7600     0.0261    -0.0442
    2.7700     0.0257    -0.0435
    2.7800     0.0252    -0.0428
    2.7900     0.0248    -0.0421
    2.8000     0.0244    -0.0414
    2.8100     0.0240    -0.0407
    2.8200     0.0236    -0.0401
    2.8300     0.0232    -0.0394
    2.8400     0.0228    -0.0388
    2.8500     0.0224    -0.0381
    2.8600     0.0220    -0.0375
    2.8700     0.0217    -0.0369
    2.8800     0.0213    -0.0363
    2.8900     0.0209    -0.0357
    2.9000     0.0206    -0.0351
    2.9100     0.0202    -0.0345
    2.9200     0.0199    -0.0340
    2.9300     0.0196    -0.0334
    2.9400     0.0192    -0.0329
    2.9500     0.0189    -0.0323
    2.9600     0.0186    -0.0318
    2.9700     0.0183    -0.0313
    2.9800     0.0180    -0.0308
    2.9900     0.0177    -0.0302
    3.0000     0.0174    -0.0297
    3.0100     0.0171    -0.0293
    3.0200     0.0168    -0.0288
    3.0300     0.0165    -0.0283
    3.0400     0.0162    -0.0278
    3.0500     0.0159    -0.0274
    3.0600     0.0157    -0.0269
    3.0700     0.0154    -0.0265
    3.0800     0.0151    -0.0260
    3.0900     0.0149    -0.0256
    3.1000     0.0146    -0.0252
    3.1100     0.0144    -0.0247
    3.1200     0.0141    -0.0243
    3.1300     0.0139    -0.0239
    3.1400     0.0136    -0.0235
    3.1500     0.0134    -0.0231
    3.1600     0.0132    -0.0228
    3.1700     0.0129    -0.0224
    3.1800     0.0127    -0.0220
    3.1900     0.0125    -0.0216
    3.2000     0.0123    -0.0213
    3.2100     0.0121    -0.0209
    3.2200     0.0119    -0.0206
    3.2300     0.0117    -0.0202
    3.2400     0.0115    -0.0199
    3.2500     0.0113    -0.0195
    3.2600     0.0111    -0.0192
    3.2700     0.0109    -0.0189
    3.2800     0.0107    -0.0186
    3.2900     0.0105    -0.0183
    3.3000     0.0103    -0.0180
    3.3100     0.0102    -0.0177
    3.3200     0.0100    -0.0174
    3.3300     0.0098    -0.0171
    3.3400     0.0096    -0.0168
    3.3500     0.0095    -0.0165
    3.3600     0.0093    -0.0162
    3.3700     0.0092    -0.0159
    3.3800     0.0090    -0.0157
    3.3900     0.0088    -0.0154
    3.4000     0.0087    -0.0151
    3.4100     0.0085    -0.0149
    3.4200     0.0084    -0.0146
    3.4300     0.0082    -0.0144
    3.4400     0.0081    -0.0141
    3.4500     0.0080    -0.0139
    3.4600     0.0078    -0.0137
    3.4700     0.0077    -0.0134
    3.4800     0.0076    -0.0132
    3.4900     0.0074    -0.0130
    3.5000     0.0073    -0.0128
    3.5100     0.0072    -0.0125
    3.5200     0.0070    -0.0123
    3.5300     0.0069    -0.0121
    3.5400     0.0068    -0.0119
    3.5500     0.0067    -0.0117
    3.5600     0.0066    -0.0115
    3.5700     0.0065    -0.0113
    3.5800     0.0063    -0.0111
    3.5900     0.0062    -0.0109
    3.6000     0.0061    -0.0108
    3.6100     0.0060    -0.0106
    3.6200     0.0059    -0.0104
    3.6300     0.0058    -0.0102
    3.6400     0.0057    -0.0100
    3.6500     0.0056    -0.0099
    3.6600     0.0055    -0.0097
    3.6700     0.0054    -0.0095
    3.6800     0.0053    -0.0094
    3.6900     0.0052    -0.0092
    3.7000     0.0051    -0.0090
    3.7100     0.0050    -0.0089
    3.7200     0.0050    -0.0087
    3.7300     0.0049    -0.0086
    3.7400     0.0048    -0.0084
    3.7500     0.0047    -0.0083
    3.7600     0.0046    -0.0082
    3.7700     0.0045    -0.0080
    3.7800     0.0045    -0.0079
    3.7900     0.0044    -0.0077
    3.8000     0.0043    -0.0076
    3.8100     0.0042    -0.0075
    3.8200     0.0042    -0.0073
    3.8300     0.0041    -0.0072
    3.8400     0.0040    -0.0071
    3.8500     0.0039    -0.0070
    3.8600     0.0039    -0.0069
    3.8700     0.0038    -0.0067
    3.8800     0.0037    -0.0066
    3.8900     0.0037    -0.0065
    3.9000     0.0036    -0.0064
    3.9100     0.0035    -0.0063
    3.9200     0.0035    -0.0062
    3.9300     0.0034    -0.0061
    3.9400     0.0034    -0.0060
    3.9500     0.0033    -0.0059
    3.9600     0.0032    -0.0058
    3.9700     0.0032    -0.0057
    3.9800     0.0031    -0.0056
    3.9900     0.0031    -0.0055
    4.0000     0.0030    -0.0054
    4.0100     0.0030    -0.0053
    4.0200     0.0029    -0.0052
    4.0300     0.0029    -0.0051
    4.0400     0.0028    -0.0050
    4.0500     0.0028    -0.0049
    4.0600     0.0027    -0.0048
    4.0700     0.0027    -0.0047
    4.0800     0.0026    -0.0047
    4.0900     0.0026    -0.0046
    4.1000     0.0025    -0.0045
    4.1100     0.0025    -0.0044
    4.1200     0.0024    -0.0043
    4.1300     0.0024    -0.0043
    4.1400     0.0024    -0.0042
    4.1500     0.0023    -0.0041
    4.1600     0.0023    -0.0041
    4.1700     0.0022    -0.0040
    4.1800     0.0022    -0.0039
    4.1900     0.0022    -0.0038
    4.2000     0.0021    -0.0038
    4.2100     0.0021    -0.0037
    4.2200     0.0020    -0.0036
    4.2300     0.0020    -0.0036
    4.2400     0.0020    -0.0035
    4.2500     0.0019    -0.0035
    4.2600     0.0019    -0.0034
    4.2700     0.0019    -0.0033
    4.2800     0.0018    -0.0033
    4.2900     0.0018    -0.0032
    4.3000     0.0018    -0.0032
    4.3100     0.0017    -0.0031
    4.3200     0.0017    -0.0031
    4.3300     0.0017    -0.0030
    4.3400     0.0016    -0.0030
    4.3500     0.0016    -0.0029
    4.3600     0.0016    -0.0028
    4.3700     0.0016    -0.0028
    4.3800     0.0015    -0.0027
    4.3900     0.0015    -0.0027
    4.4000     0.0015    -0.0027
    4.4100     0.0015    -0.0026
    4.4200     0.0014    -0.0026
    4.4300     0.0014    -0.0025
    4.4400     0.0014    -0.0025
    4.4500     0.0014    -0.0024
    4.4600     0.0013    -0.0024
    4.4700     0.0013    -0.0023
    4.4800     0.0013    -0.0023
    4.4900     0.0013    -0.0023
    4.5000     0.0012    -0.0022
    4.5100     0.0012    -0.0022
    4.5200     0.0012    -0.0021
    4.5300     0.0012    -0.0021
    4.5400     0.0011    -0.0021
    4.5500     0.0011    -0.0020
    4.5600     0.0011    -0.0020
    4.5700     0.0011    -0.0020
    4.5800     0.0011    -0.0019
    4.5900     0.0010    -0.0019
    4.6000     0.0010    -0.0019
    4.6100     0.0010    -0.0018
    4.6200     0.0010    -0.0018
    4.6300     0.0010    -0.0018
    4.6400     0.0010    -0.0017
    4.6500     0.0009    -0.0017
    4.6600     0.0009    -0.0017
    4.6700     0.0009    -0.0016
    4.6800     0.0009    -0.0016
    4.6900     0.0009    -0.0016
    4.7000     0.0009    -0.0016
    4.7100     0.0008    -0.0015
    4.7200     0.0008    -0.0015
    4.7300     0.0008    -0.0015
    4.7400     0.0008    -0.0014
    4.7500     0.0008    -0.0014
    4.7600     0.0008    -0.0014
    4.7700     0.0008    -0.0014
    4.7800     0.0007    -0.0013
    4.7900     0.0007    -0.0013
    4.8000     0.0007    -0.0013
    4.8100     0.0007    -0.0013
    4.8200     0.0007    -0.0013
    4.8300     0.0007    -0.0012
    4.8400     0.0007    -0.0012
    4.8500     0.0007    -0.0012
    4.8600     0.0006    -0.0012
    4.8700     0.0006    -0.0011
    4.8800     0.0006    -0.0011
    4.8900     0.0006    -0.0011
    4.9000     0.0006    -0.0011
    4.9100     0.0006    -0.0011
    4.9200     0.0006    -0.0010
    4.9300     0.0006    -0.0010
    4.9400     0.0006    -0.0010
    4.9500     0.0005    -0.0010
    4.9600     0.0005    -0.0010
    4.9700     0.0005    -0.0010
    4.9800     0.0005    -0.0009
    4.9900     0.0005    -0.0009
    5.0000     0.0005    -0.0009
    5.0100     0.0005    -0.0009
    5.0200     0.0005    -0.0009
    5.0300     0.0005    -0.0009
    5.0400     0.0005    -0.0008
    5.0500     0.0005    -0.0008
    5.0600     0.0004    -0.0008
    5.0700     0.0004    -0.0008
    5.0800     0.0004    -0.0008
    5.0900     0.0004    -0.0008
    5.1000     0.0004    -0.0008
    5.1100     0.0004    -0.0007
    5.1200     0.0004    -0.0007
    5.1300     0.0004    -0.0007
    5.1400     0.0004    -0.0007
    5.1500     0.0004    -0.0007
    5.1600     0.0004    -0.0007
    5.1700     0.0004    -0.0007
    5.1800     0.0004    -0.0007
    5.1900     0.0004    -0.0006
    5.2000     0.0003    -0.0006
    5.2100     0.0003    -0.0006
    5.2200     0.0003    -0.0006
    5.2300     0.0003    -0.0006
    5.2400     0.0003    -0.0006
    5.2500     0.0003    -0.0006
    5.2600     0.0003    -0.0006
    5.2700     0.0003    -0.0006
    5.2800     0.0003    -0.0005
    5.2900     0.0003    -0.0005
    5.3000     0.0003    -0.0005
    5.3100     0.0003    -0.0005
    5.3200     0.0003    -0.0005
    5.3300     0.0003    -0.0005
    5.3400     0.0003    -0.0005
    5.3500     0.0003    -0.0005
    5.3600     0.0003    -0.0005
    5.3700     0.0003    -0.0005
    5.3800     0.0002    -0.0005
    5.3900     0.0002    -0.0004
    5.4000     0.0002    -0.0004
    5.4100     0.0002    -0.0004
    5.4200     0.0002    -0.0004
    5.4300     0.0002    -0.0004
    5.4400     0.0002    -0.0004
    5.4500     0.0002    -0.0004
    5.4600     0.0002    -0.0004
    5.4700     0.0002    -0.0004
    5.4800     0.0002    -0.0004
    5.4900     0.0002    -0.0004
    5.5000     0.0002    -0.0004
    5.5100     0.0002    -0.0004
    5.5200     0.0002    -0.0004
    5.5300     0.0002    -0.0003
    5.5400     0.0002    -0.0003
    5.5500     0.0002    -0.0003
    5.5600     0.0002    -0.0003
    5.5700     0.0002    -0.0003
    5.5800     0.0002    -0.0003
    5.5900     0.0002    -0.0003
    5.6000     0.0002    -0.0003
    5.6100     0.0002    -0.0003
    5.6200     0.0002    -0.0003
    5.6300     0.0002    -0.0003
    5.6400     0.0002    -0.0003
    5.6500     0.0002    -0.0003
    5.6600     0.0001    -0.0003
    5.6700     0.0001    -0.0003
    5.6800     0.0001    -0.0003
    5.6900     0.0001    -0.0003
    5.7000     0.0001    -0.0003
    5.7100     0.0001    -0.0003
    5.7200     0.0001    -0.0002
    5.7300     0.0001    -0.0002
    5.7400     0.0001    -0.0002
    5.7500     0.0001    -0.0002
    5.7600     0.0001    -0.0002
    5.7700     0.0001    -0.0002
    5.7800     0.0001    -0.0002
    5.7900     0.0001    -0.0002
    5.8000     0.0001    -0.0002
    5.8100     0.0001    -0.0002
    5.8200     0.0001    -0.0002
    5.8300     0.0001    -0.0002
    5.8400     0.0001    -0.0002
    5.8500     0.0001    -0.0002
    5.8600     0.0001    -0.0002
    5.8700     0.0001    -0.0002
    5.8800     0.0001    -0.0002
    5.8900     0.0001    -0.0002
    5.9000     0.0001    -0.0002
    5.9100     0.0001    -0.0002
    5.9200     0.0001    -0.0002
    5.9300     0.0001    -0.0002
    5.9400     0.0001    -0.0002
    5.9500     0.0001    -0.0002
    5.9600     0.0001    -0.0002
    5.9700     0.0001    -0.0002
    5.9800     0.0001    -0.0002
    5.9900     0.0001    -0.0002
    6.0000     0.0001    -0.0001
    6.0100     0.0001    -0.0001
    6.0200     0.0001    -0.0001
    6.0300     0.0001    -0.0001
    6.0400     0.0001    -0.0001
    6.0500     0.0001    -0.0001
    6.0600     0.0001    -0.0001
    6.0700     0.0001    -0.0001
    6.0800     0.0001    -0.0001
    6.0900     0.0001    -0.0001
    6.1000     0.0001    -0.0001
    6.1100     0.0001    -0.0001
    6.1200     0.0001    -0.0001
    6.1300     0.0001    -0.0001
    6.1400     0.0001    -0.0001
    6.1500     0.0001    -0.0001
    6.1600     0.0001    -0.0001
    6.1700     0.0001    -0.0001
    6.1800     0.0001    -0.0001
    6.1900     0.0001    -0.0001
    6.2000     0.0001    -0.0001
    6.2100     0.0001    -0.0001
    6.2200     0.0001    -0.0001
    6.2300     0.0001    -0.0001
    6.2400     0.0001    -0.0001
    6.2500     0.0001    -0.0001
    6.2600     0.0000    -0.0001
    6.2700     0.0000    -0.0001
    6.2800     0.0000    -0.0001
    6.2900     0.0000    -0.0001
    6.3000     0.0000    -0.0001
    6.3100     0.0000    -0.0001
    6.3200     0.0000    -0.0001
    6.3300     0.0000    -0.0001
    6.3400     0.0000    -0.0001
    6.3500     0.0000    -0.0001
    6.3600     0.0000    -0.0001
    6.3700     0.0000    -0.0001
    6.3800     0.0000    -0.0001
    6.3900     0.0000    -0.0001
    6.4000     0.0000    -0.0001
    6.4100     0.0000    -0.0001
    6.4200     0.0000    -0.0001
    6.4300     0.0000    -0.0001
    6.4400     0.0000    -0.0001
    6.4500     0.0000    -0.0001
    6.4600     0.0000    -0.0001
    6.4700     0.0000    -0.0001
    6.4800     0.0000    -0.0001
    6.4900     0.0000    -0.0001
    6.5000     0.0000    -0.0001
    6.5100     0.0000    -0.0001
    6.5200     0.0000    -0.0001
    6.5300     0.0000    -0.0001
    6.5400     0.0000    -0.0001
    6.5500     0.0000    -0.0001
    6.5600     0.0000    -0.0001
    6.5700     0.0000    -0.0001
    6.5800     0.0000    -0.0001
    6.5900     0.0000    -0.0000
    6.6000     0.0000    -0.0000
    6.6100     0.0000    -0.0000
    6.6200     0.0000    -0.0000
    6.6300     0.0000    -0.0000
    6.6400     0.0000    -0.0000
    6.6500     0.0000    -0.0000
    6.6600     0.0000    -0.0000
    6.6700     0.0000    -0.0000
    6.6800     0.0000    -0.0000
    6.6900     0.0000    -0.0000
    6.7000     0.0000    -0.0000
    6.7100     0.0000    -0.0000
    6.7200     0.0000    -0.0000
    6.7300     0.0000    -0.0000
    6.7400     0.0000    -0.0000
    6.7500     0.0000    -0.0000
    6.7600     0.0000    -0.0000
    6.7700     0.0000    -0.0000
    6.7800     0.0000    -0.0000
    6.7900     0.0000    -0.0000
    6.8000     0.0000    -0.0000
    6.8100     0.0000    -0.0000
    6.8200     0.0000    -0.0000
    6.8300     0.0000    -0.0000
    6.8400     0.0000    -0.0000
    6.8500     0.0000    -0.0000
    6.8600     0.0000    -0.0000
    6.8700     0.0000    -0.0000
    6.8800     0.0000    -0.0000
    6.8900     0.0000    -0.0000
    6.9000     0.0000    -0.0000
    6.9100     0.0000    -0.0000
    6.9200     0.0000    -0.0000
    6.9300     0.0000    -0.0000
    6.9400     0.0000    -0.0000
    6.9500     0.0000    -0.0000
    6.9600     0.0000    -0.0000
    6.9700     0.0000    -0.0000
    6.9800     0.0000    -0.0000
    6.9900     0.0000    -0.0000
    7.0000     0.0000    -0.0000
    7.0100     0.0000    -0.0000
    7.0200     0.0000    -0.0000
    7.0300     0.0000    -0.0000
    7.0400     0.0000    -0.0000
    7.0500     0.0000    -0.0000
    7.0600     0.0000    -0.0000
    7.0700     0.0000    -0.0000
    7.0800     0.0000    -0.0000
    7.0900     0.0000    -0.0000
    7.1000     0.0000    -0.0000
    7.1100     0.0000    -0.0000
    7.1200     0.0000    -0.0000
    7.1300     0.0000    -0.0000
    7.1400     0.0000    -0.0000
    7.1500     0.0000    -0.0000
    7.1600     0.0000    -0.0000
    7.1700     0.0000    -0.0000
    7.1800     0.0000    -0.0000
    7.1900     0.0000    -0.0000
    7.2000     0.0000    -0.0000
    7.2100     0.0000    -0.0000
    7.2200     0.0000    -0.0000
    7.2300     0.0000    -0.0000
    7.2400     0.0000    -0.0000
    7.2500     0.0000    -0.0000
    7.2600     0.0000    -0.0000
    7.2700     0.0000    -0.0000
    7.2800     0.0000    -0.0000
    7.2900     0.0000    -0.0000
    7.3000     0.0000    -0.0000
    7.3100     0.0000    -0.0000
    7.3200     0.0000    -0.0000
    7.3300     0.0000    -0.0000
    7.3400     0.0000    -0.0000
    7.3500     0.0000    -0.0000
    7.3600     0.0000    -0.0000
    7.3700     0.0000    -0.0000
    7.3800     0.0000    -0.0000
    7.3900     0.0000    -0.0000
    7.4000     0.0000    -0.0000
    7.4100     0.0000    -0.0000
    7.4200     0.0000    -0.0000
    7.4300     0.0000    -0.0000
    7.4400     0.0000    -0.0000
    7.4500     0.0000    -0.0000
    7.4600     0.0000    -0.0000
    7.4700     0.0000    -0.0000
    7.4800     0.0000    -0.0000
    7.4900     0.0000    -0.0000
    7.5000     0.0000    -0.0000
    7.5100     0.0000    -0.0000
    7.5200     0.0000    -0.0000
    7.5300     0.0000    -0.0000
    7.5400     0.0000    -0.0000
    7.5500     0.0000    -0.0000
    7.5600     0.0000    -0.0000
    7.5700     0.0000    -0.0000
    7.5800     0.0000    -0.0000
    7.5900     0.0000    -0.0000
    7.6000     0.0000    -0.0000
    7.6100     0.0000    -0.0000
    7.6200     0.0000    -0.0000
    7.6300     0.0000    -0.0000
    7.6400     0.0000    -0.0000
    7.6500     0.0000    -0.0000
    7.6600     0.0000    -0.0000
    7.6700     0.0000    -0.0000
    7.6800     0.0000    -0.0000
    7.6900     0.0000    -0.0000
    7.7000     0.0000    -0.0000
    7.7100     0.0000    -0.0000
    7.7200     0.0000    -0.0000
    7.7300     0.0000    -0.0000
    7.7400     0.0000    -0.0000
    7.7500     0.0000    -0.0000
    7.7600     0.0000    -0.0000
    7.7700     0.0000    -0.0000
    7.7800     0.0000    -0.0000
    7.7900     0.0000    -0.0000
    7.8000     0.0000    -0.0000
    7.8100     0.0000    -0.0000
    7.8200     0.0000    -0.0000
    7.8300     0.0000    -0.0000
    7.8400     0.0000    -0.0000
    7.8500     0.0000    -0.0000
    7.8600     0.0000    -0.0000
    7.8700     0.0000    -0.0000
    7.8800     0.0000    -0.0000
    7.8900     0.0000    -0.0000
    7.9000     0.0000    -0.0000
    7.9100     0.0000    -0.0000
    7.9200     0.0000    -0.0000
    7.9300     0.0000    -0.0000
    7.9400     0.0000    -0.0000
    7.9500     0.0000    -0.0000
    7.9600     0.0000    -0.0000
    7.9700     0.0000    -0.0000
    7.9800     0.0000    -0.0000
    7.9900     0.0000    -0.0000
    8.0000     0.0000    -0.0000
    8.0100     0.0000    -0.0000
    8.0200     0.0000    -0.0000
    8.0300     0.0000    -0.0000
    8.0400     0.0000    -0.0000
    8.0500     0.0000    -0.0000
    8.0600     0.0000    -0.0000
    8.0700     0.0000    -0.0000
    8.0800     0.0000    -0.0000
    8.0900     0.0000    -0.0000
    8.1000     0.0000    -0.0000
    8.1100     0.0000    -0.0000
    8.1200     0.0000    -0.0000
    8.1300     0.0000    -0.0000
    8.1400     0.0000    -0.0000
    8.1500     0.0000    -0.0000
    8.1600     0.0000    -0.0000
    8.1700     0.0000    -0.0000
    8.1800     0.0000    -0.0000
    8.1900     0.0000    -0.0000
    8.2000     0.0000    -0.0000
    8.2100     0.0000    -0.0000
    8.2200     0.0000    -0.0000
    8.2300     0.0000    -0.0000
    8.2400     0.0000    -0.0000
    8.2500     0.0000    -0.0000
    8.2600     0.0000    -0.0000
    8.2700     0.0000    -0.0000
    8.2800     0.0000    -0.0000
    8.2900     0.0000    -0.0000
    8.3000     0.0000    -0.0000
    8.3100     0.0000    -0.0000
    8.3200     0.0000    -0.0000
    8.3300     0.0000    -0.0000
    8.3400     0.0000    -0.0000
    8.3500     0.0000    -0.0000
    8.3600     0.0000    -0.0000
    8.3700     0.0000    -0.0000
    8.3800     0.0000    -0.0000
    8.3900     0.0000    -0.0000
    8.4000     0.0000    -0.0000
    8.4100     0.0000    -0.0000
    8.4200     0.0000    -0.0000
    8.4300     0.0000    -0.0000
    8.4400     0.0000    -0.0000
    8.4500     0.0000    -0.0000
    8.4600     0.0000    -0.0000
    8.4700     0.0000    -0.0000
    8.4800     0.0000    -0.0000
    8.4900     0.0000    -0.0000
    8.5000     0.0000    -0.0000
    8.5100     0.0000    -0.0000
    8.5200     0.0000    -0.0000
    8.5300     0.0000    -0.0000
    8.5400     0.0000    -0.0000
    8.5500     0.0000    -0.0000
    8.5600     0.0000    -0.0000
    8.5700     0.0000    -0.0000
    8.5800     0.0000    -0.0000
    8.5900     0.0000    -0.0000
    8.6000     0.0000    -0.0000
    8.6100     0.0000    -0.0000
    8.6200     0.0000    -0.0000
    8.6300     0.0000    -0.0000
    8.6400     0.0000    -0.0000
    8.6500     0.0000    -0.0000
    8.6600     0.0000    -0.0000
    8.6700     0.0000    -0.0000
    8.6800     0.0000    -0.0000
    8.6900     0.0000    -0.0000
    8.7000     0.0000    -0.0000
    8.7100     0.0000    -0.0000
    8.7200     0.0000    -0.0000
    8.7300     0.0000    -0.0000
    8.7400     0.0000    -0.0000
    8.7500     0.0000    -0.0000
    8.7600     0.0000    -0.0000
    8.7700     0.0000    -0.0000
    8.7800     0.0000    -0.0000
    8.7900     0.0000    -0.0000
    8.8000     0.0000    -0.0000
    8.8100     0.0000    -0.0000
    8.8200     0.0000    -0.0000
    8.8300     0.0000    -0.0000
    8.8400     0.0000    -0.0000
    8.8500     0.0000    -0.0000
    8.8600     0.0000    -0.0000
    8.8700     0.0000    -0.0000
    8.8800     0.0000    -0.0000
    8.8900     0.0000    -0.0000
    8.9000     0.0000    -0.0000
    8.9100     0.0000    -0.0000
    8.9200     0.0000    -0.0000
    8.9300     0.0000    -0.0000
    8.9400     0.0000    -0.0000
    8.9500     0.0000    -0.0000
    8.9600     0.0000    -0.0000
    8.9700     0.0000    -0.0000
    8.9800     0.0000    -0.0000
    8.9900     0.0000    -0.0000
    9.0000     0.0000    -0.0000
    9.0100     0.0000    -0.0000
    9.0200     0.0000    -0.0000
    9.0300     0.0000    -0.0000
    9.0400     0.0000    -0.0000
    9.0500     0.0000    -0.0000
    9.0600     0.0000    -0.0000
    9.0700     0.0000    -0.0000
    9.0800     0.0000    -0.0000
    9.0900     0.0000    -0.0000
    9.1000     0.0000    -0.0000
    9.1100     0.0000    -0.0000
    9.1200     0.0000    -0.0000
    9.1300     0.0000    -0.0000
    9.1400     0.0000    -0.0000
    9.1500     0.0000    -0.0000
    9.1600     0.0000    -0.0000
    9.1700     0.0000    -0.0000
    9.1800     0.0000    -0.0000
    9.1900     0.0000    -0.0000
    9.2000     0.0000    -0.0000
    9.2100     0.0000    -0.0000
    9.2200     0.0000    -0.0000
    9.2300     0.0000    -0.0000
    9.2400     0.0000    -0.0000
    9.2500     0.0000    -0.0000
    9.2600     0.0000    -0.0000
    9.2700     0.0000    -0.0000
    9.2800     0.0000    -0.0000
    9.2900     0.0000    -0.0000
    9.3000     0.0000    -0.0000
    9.3100     0.0000    -0.0000
    9.3200     0.0000    -0.0000
    9.3300     0.0000    -0.0000
    9.3400     0.0000    -0.0000
    9.3500     0.0000    -0.0000
    9.3600     0.0000    -0.0000
    9.3700     0.0000    -0.0000
    9.3800     0.0000    -0.0000
    9.3900     0.0000    -0.0000
    9.4000     0.0000    -0.0000
    9.4100     0.0000    -0.0000
    9.4200     0.0000    -0.0000
    9.4300     0.0000    -0.0000
    9.4400     0.0000    -0.0000
    9.4500     0.0000    -0.0000
    9.4600     0.0000    -0.0000
    9.4700     0.0000    -0.0000
    9.4800     0.0000    -0.0000
    9.4900     0.0000    -0.0000
    9.5000     0.0000    -0.0000
    9.5100     0.0000    -0.0000
    9.5200     0.0000    -0.0000
    9.5300     0.0000    -0.0000
    9.5400     0.0000    -0.0000
    9.5500     0.0000    -0.0000
    9.5600     0.0000    -0.0000
    9.5700     0.0000    -0.0000
    9.5800     0.0000    -0.0000
    9.5900     0.0000    -0.0000
    9.6000     0.0000    -0.0000
    9.6100     0.0000    -0.0000
    9.6200     0.0000    -0.0000
    9.6300     0.0000    -0.0000
    9.6400     0.0000    -0.0000
    9.6500     0.0000    -0.0000
    9.6600     0.0000    -0.0000
    9.6700     0.0000    -0.0000
    9.6800     0.0000    -0.0000
    9.6900     0.0000    -0.0000
    9.7000     0.0000    -0.0000
    9.7100     0.0000    -0.0000
    9.7200     0.0000    -0.0000
    9.7300     0.0000    -0.0000
    9.7400     0.0000    -0.0000
    9.7500     0.0000    -0.0000
    9.7600     0.0000    -0.0000
    9.7700     0.0000    -0.0000
    9.7800     0.0000    -0.0000
    9.7900     0.0000    -0.0000
    9.8000     0.0000    -0.0000
    9.8100     0.0000    -0.0000
    9.8200     0.0000    -0.0000
    9.8300     0.0000    -0.0000
    9.8400     0.0000    -0.0000
    9.8500     0.0000    -0.0000
    9.8600     0.0000    -0.0000
    9.8700     0.0000    -0.0000
    9.8800     0.0000    -0.0000
    9.8900     0.0000    -0.0000
    9.9000     0.0000    -0.0000
    9.9100     0.0000    -0.0000
    9.9200     0.0000    -0.0000
    9.9300     0.0000    -0.0000
    9.9400     0.0000    -0.0000
    9.9500     0.0000    -0.0000
    9.9600     0.0000    -0.0000
    9.9700     0.0000    -0.0000
    9.9800     0.0000    -0.0000
    9.9900     0.0000    -0.0000
   10.0000     0.0000    -0.0000
   10.0100     0.0000    -0.0000
   10.0200     0.0000    -0.0000
   10.0300     0.0000    -0.0000
   10.0400     0.0000    -0.0000
   10.0500     0.0000    -0.0000
   10.0600     0.0000    -0.0000
   10.0700     0.0000    -0.0000
   10.0800     0.0000    -0.0000
   10.0900     0.0000    -0.0000
   10.1000     0.0000    -0.0000
   10.1100     0.0000    -0.0000
   10.1200     0.0000    -0.0000
   10.1300     0.0000    -0.0000
   10.1400     0.0000    -0.0000
   10.1500     0.0000    -0.0000
   10.1600     0.0000    -0.0000
   10.1700     0.0000    -0.0000
   10.1800     0.0000    -0.0000
   10.1900     0.0000    -0.0000
   10.2000     0.0000    -0.0000
   10.2100     0.0000    -0.0000
   10.2200     0.0000    -0.0000
   10.2300     0.0000    -0.0000
   10.2400     0.0000    -0.0000
   10.2500     0.0000    -0.0000
   10.2600     0.0000    -0.0000
   10.2700     0.0000    -0.0000
   10.2800     0.0000    -0.0000
   10.2900     0.0000    -0.0000
   10.3000     0.0000    -0.0000
   10.3100     0.0000    -0.0000
   10.3200     0.0000    -0.0000
   10.3300     0.0000    -0.0000
   10.3400     0.0000    -0.0000
   10.3500     0.0000    -0.0000
   10.3600     0.0000    -0.0000
   10.3700     0.0000    -0.0000
   10.3800     0.0000    -0.0000
   10.3900     0.0000    -0.0000
   10.4000     0.0000    -0.0000
   10.4100     0.0000    -0.0000
   10.4200     0.0000    -0.0000
   10.4300     0.0000    -0.0000
   10.4400     0.0000    -0.0000
   10.4500     0.0000    -0.0000
   10.4600     0.0000    -0.0000
   10.4700     0.0000    -0.0000
   10.4800     0.0000    -0.0000
   10.4900     0.0000    -0.0000
   10.5000     0.0000    -0.0000
   10.5100     0.0000    -0.0000
   10.5200     0.0000    -0.0000
   10.5300     0.0000    -0.0000
   10.5400     0.0000    -0.0000
   10.5500     0.0000    -0.0000
   10.5600     0.0000    -0.0000
   10.5700     0.0000    -0.0000
   10.5800     0.0000    -0.0000
   10.5900     0.0000    -0.0000
   10.6000     0.0000    -0.0000
   10.6100     0.0000    -0.0000
   10.6200     0.0000    -0.0000
   10.6300     0.0000    -0.0000
   10.6400     0.0000    -0.0000
   10.6500     0.0000    -0.0000
   10.6600     0.0000    -0.0000
   10.6700     0.0000    -0.0000
   10.6800     0.0000    -0.0000
   10.6900     0.0000    -0.0000
   10.7000     0.0000    -0.0000
   10.7100     0.0000    -0.0000
   10.7200     0.0000    -0.0000
   10.7300     0.0000    -0.0000
   10.7400     0.0000    -0.0000
   10.7500     0.0000    -0.0000
   10.7600     0.0000    -0.0000
   10.7700     0.0000    -0.0000
   10.7800     0.0000    -0.0000
   10.7900     0.0000    -0.0000
   10.8000     0.0000    -0.0000
   10.8100     0.0000    -0.0000
   10.8200     0.0000    -0.0000
   10.8300     0.0000    -0.0000
   10.8400     0.0000    -0.0000
   10.8500     0.0000    -0.0000
   10.8600     0.0000    -0.0000
   10.8700     0.0000    -0.0000
   10.8800     0.0000    -0.0000
   10.8900     0.0000    -0.0000
   10.9000     0.0000    -0.0000
   10.9100     0.0000    -0.0000
   10.9200     0.0000    -0.0000
   10.9300     0.0000    -0.0000
   10.9400     0.0000    -0.0000
   10.9500     0.0000    -0.0000
   10.9600     0.0000    -0.0000
   10.9700     0.0000    -0.0000
   10.9800     0.0000    -0.0000
   10.9900     0.0000    -0.0000
   11.0000     0.0000    -0.0000
   11.0100     0.0000    -0.0000
   11.0200     0.0000    -0.0000
   11.0300     0.0000    -0.0000
   11.0400     0.0000    -0.0000
   11.0500     0.0000    -0.0000
   11.0600     0.0000    -0.0000
   11.0700     0.0000    -0.0000
   11.0800     0.0000    -0.0000
   11.0900     0.0000    -0.0000
   11.1000     0.0000    -0.0000
   11.1100     0.0000    -0.0000
   11.1200     0.0000    -0.0000
   11.1300     0.0000    -0.0000
   11.1400     0.0000    -0.0000
   11.1500     0.0000    -0.0000
   11.1600     0.0000    -0.0000
   11.1700     0.0000    -0.0000
   11.1800     0.0000    -0.0000
   11.1900     0.0000    -0.0000
   11.2000     0.0000    -0.0000
   11.2100     0.0000    -0.0000
   11.2200     0.0000    -0.0000
   11.2300     0.0000    -0.0000
   11.2400     0.0000    -0.0000
   11.2500     0.0000    -0.0000
   11.2600     0.0000    -0.0000
   11.2700     0.0000    -0.0000
   11.2800     0.0000    -0.0000
   11.2900     0.0000    -0.0000
   11.3000     0.0000    -0.0000
   11.3100     0.0000    -0.0000
   11.3200     0.0000    -0.0000
   11.3300     0.0000    -0.0000
   11.3400     0.0000    -0.0000
   11.3500     0.0000    -0.0000
   11.3600     0.0000    -0.0000
   11.3700     0.0000    -0.0000
   11.3800     0.0000    -0.0000
   11.3900     0.0000    -0.0000
   11.4000     0.0000    -0.0000
   11.4100     0.0000    -0.0000
   11.4200     0.0000    -0.0000
   11.4300     0.0000    -0.0000
   11.4400     0.0000    -0.0000
   11.4500     0.0000    -0.0000
   11.4600     0.0000    -0.0000
   11.4700     0.0000    -0.0000
   11.4800     0.0000    -0.0000
   11.4900     0.0000    -0.0000
   11.5000     0.0000    -0.0000
   11.5100     0.0000    -0.0000
   11.5200     0.0000    -0.0000
   11.5300     0.0000    -0.0000
   11.5400     0.0000    -0.0000
   11.5500     0.0000    -0.0000
   11.5600     0.0000    -0.0000
   11.5700     0.0000    -0.0000
   11.5800     0.0000    -0.0000
   11.5900     0.0000    -0.0000
   11.6000     0.0000    -0.0000
   11.6100     0.0000    -0.0000
   11.6200     0.0000    -0.0000
   11.6300     0.0000    -0.0000
   11.6400     0.0000    -0.0000
   11.6500     0.0000    -0.0000
   11.6600     0.0000    -0.0000
   11.6700     0.0000    -0.0000
   11.6800     0.0000    -0.0000
   11.6900     0.0000    -0.0000
   11.7000     0.0000    -0.0000
   11.7100     0.0000    -0.0000
   11.7200     0.0000    -0.0000
   11.7300     0.0000    -0.0000
   11.7400     0.0000    -0.0000
   11.7500     0.0000    -0.0000
   11.7600     0.0000    -0.0000
   11.7700     0.0000    -0.0000
   11.7800     0.0000    -0.0000
   11.7900     0.0000    -0.0000
   11.8000     0.0000    -0.0000
   11.8100     0.0000    -0.0000
   11.8200     0.0000    -0.0000
   11.8300     0.0000    -0.0000
   11.8400     0.0000    -0.0000
   11.8500     0.0000    -0.0000
   11.8600     0.0000    -0.0000
   11.8700     0.0000    -0.0000
   11.8800     0.0000    -0.0000
   11.8900     0.0000    -0.0000
   11.9000     0.0000    -0.0000
   11.9100     0.0000    -0.0000
   11.9200     0.0000    -0.0000
   11.9300     0.0000    -0.0000
   11.9400     0.0000    -0.0000
   11.9500     0.0000    -0.0000
   11.9600     0.0000    -0.0000
   11.9700     0.0000    -0.0000
   11.9800     0.0000    -0.0000
   11.9900     0.0000    -0.0000
   12.0000     0.0000    -0.0000
   12.0100     0.0000    -0.0000
   12.0200     0.0000    -0.0000
   12.0300     0.0000    -0.0000
   12.0400     0.0000    -0.0000
   12.0500     0.0000    -0.0000
   12.0600     0.0000    -0.0000
   12.0700     0.0000    -0.0000
   12.0800     0.0000    -0.0000
   12.0900     0.0000    -0.0000
   12.1000     0.0000    -0.0000
   12.1100     0.0000    -0.0000
   12.1200     0.0000    -0.0000
   12.1300     0.0000    -0.0000
   12.1400     0.0000    -0.0000
   12.1500     0.0000    -0.0000
   12.1600     0.0000    -0.0000
   12.1700     0.0000    -0.0000
   12.1800     0.0000    -0.0000
   12.1900     0.0000    -0.0000
   12.2000     0.0000    -0.0000
   12.2100     0.0000    -0.0000
   12.2200     0.0000    -0.0000
   12.2300     0.0000    -0.0000
   12.2400     0.0000    -0.0000
   12.2500     0.0000    -0.0000
   12.2600     0.0000    -0.0000
   12.2700     0.0000    -0.0000
   12.2800     0.0000    -0.0000
   12.2900     0.0000    -0.0000
   12.3000     0.0000    -0.0000
   12.3100     0.0000    -0.0000
   12.3200     0.0000    -0.0000
   12.3300     0.0000    -0.0000
   12.3400     0.0000    -0.0000
   12.3500     0.0000    -0.0000
   12.3600     0.0000    -0.0000
   12.3700     0.0000    -0.0000
   12.3800     0.0000    -0.0000
   12.3900     0.0000    -0.0000
   12.4000     0.0000    -0.0000
   12.4100     0.0000    -0.0000
   12.4200     0.0000    -0.0000
   12.4300     0.0000    -0.0000
   12.4400     0.0000    -0.0000
   12.4500     0.0000    -0.0000
   12.4600     0.0000    -0.0000
   12.4700     0.0000    -0.0000
   12.4800     0.0000    -0.0000
   12.4900     0.0000    -0.0000
   12.5000     0.0000    -0.0000
   12.5100     0.0000    -0.0000
   12.5200     0.0000    -0.0000
   12.5300     0.0000    -0.0000
   12.5400     0.0000    -0.0000
   12.5500     0.0000    -0.0000
   12.5600     0.0000    -0.0000
   12.5700     0.0000    -0.0000
   12.5800     0.0000    -0.0000
   12.5900     0.0000    -0.0000
   12.6000     0.0000    -0.0000
   12.6100     0.0000    -0.0000
   12.6200     0.0000    -0.0000
   12.6300     0.0000    -0.0000
   12.6400     0.0000    -0.0000
   12.6500     0.0000    -0.0000
   12.6600     0.0000    -0.0000
   12.6700     0.0000    -0.0000
   12.6800     0.0000    -0.0000
   12.6900     0.0000    -0.0000
   12.7000     0.0000    -0.0000
   12.7100     0.0000    -0.0000
   12.7200     0.0000    -0.0000
   12.7300     0.0000    -0.0000
   12.7400     0.0000    -0.0000
   12.7500     0.0000    -0.0000
   12.7600     0.0000    -0.0000
   12.7700     0.0000    -0.0000
   12.7800     0.0000    -0.0000
   12.7900     0.0000    -0.0000
   12.8000     0.0000    -0.0000
   12.8100     0.0000    -0.0000
   12.8200     0.0000    -0.0000
   12.8300     0.0000    -0.0000
   12.8400     0.0000    -0.0000
   12.8500     0.0000    -0.0000
   12.8600     0.0000    -0.0000
   12.8700     0.0000    -0.0000
   12.8800     0.0000    -0.0000
   12.8900     0.0000    -0.0000
   12.9000     0.0000    -0.0000
   12.9100     0.0000    -0.0000
   12.9200     0.0000    -0.0000
   12.9300     0.0000    -0.0000
   12.9400     0.0000    -0.0000
   12.9500     0.0000    -0.0000
   12.9600     0.0000    -0.0000
   12.9700     0.0000    -0.0000
   12.9800     0.0000    -0.0000
   12.9900     0.0000    -0.0000
   13.0000     0.0000    -0.0000
   13.0100     0.0000    -0.0000
   13.0200     0.0000    -0.0000
   13.0300     0.0000    -0.0000
   13.0400     0.0000    -0.0000
   13.0500     0.0000    -0.0000
   13.0600     0.0000    -0.0000
   13.0700     0.0000    -0.0000
   13.0800     0.0000    -0.0000
   13.0900     0.0000    -0.0000
   13.1000     0.0000    -0.0000
   13.1100     0.0000    -0.0000
   13.1200     0.0000    -0.0000
   13.1300     0.0000    -0.0000
   13.1400     0.0000    -0.0000
   13.1500     0.0000    -0.0000
   13.1600     0.0000    -0.0000
   13.1700     0.0000    -0.0000
   13.1800     0.0000    -0.0000
   13.1900     0.0000    -0.0000
   13.2000     0.0000    -0.0000
   13.2100     0.0000    -0.0000
   13.2200     0.0000    -0.0000
   13.2300     0.0000    -0.0000
   13.2400     0.0000    -0.0000
   13.2500     0.0000    -0.0000
   13.2600     0.0000    -0.0000
   13.2700     0.0000    -0.0000
   13.2800     0.0000    -0.0000
   13.2900     0.0000    -0.0000
   13.3000     0.0000    -0.0000
   13.3100     0.0000    -0.0000
   13.3200     0.0000    -0.0000
   13.3300     0.0000    -0.0000
   13.3400     0.0000    -0.0000
   13.3500     0.0000    -0.0000
   13.3600     0.0000    -0.0000
   13.3700     0.0000    -0.0000
   13.3800     0.0000    -0.0000
   13.3900     0.0000    -0.0000
   13.4000     0.0000    -0.0000
   13.4100     0.0000    -0.0000
   13.4200     0.0000    -0.0000
   13.4300     0.0000    -0.0000
   13.4400     0.0000    -0.0000
   13.4500     0.0000    -0.0000
   13.4600     0.0000    -0.0000
   13.4700     0.0000    -0.0000
   13.4800     0.0000    -0.0000
   13.4900     0.0000    -0.0000
   13.5000     0.0000    -0.0000
   13.5100     0.0000    -0.0000
   13.5200     0.0000    -0.0000
   13.5300     0.0000    -0.0000
   13.5400     0.0000    -0.0000
   13.5500     0.0000    -0.0000
   13.5600     0.0000    -0.0000
   13.5700     0.0000    -0.0000
   13.5800     0.0000    -0.0000
   13.5900     0.0000    -0.0000
   13.6000     0.0000    -0.0000
   13.6100     0.0000    -0.0000
   13.6200     0.0000    -0.0000
   13.6300     0.0000    -0.0000
   13.6400     0.0000    -0.0000
   13.6500     0.0000    -0.0000
   13.6600     0.0000    -0.0000
   13.6700     0.0000    -0.0000
   13.6800     0.0000    -0.0000
   13.6900     0.0000    -0.0000
   13.7000     0.0000    -0.0000
   13.7100     0.0000    -0.0000
   13.7200     0.0000    -0.0000
   13.7300     0.0000    -0.0000
   13.7400     0.0000    -0.0000
   13.7500     0.0000    -0.0000
   13.7600     0.0000    -0.0000
   13.7700     0.0000    -0.0000
   13.7800     0.0000    -0.0000
   13.7900     0.0000    -0.0000
   13.8000     0.0000    -0.0000
   13.8100     0.0000    -0.0000
   13.8200     0.0000    -0.0000
   13.8300     0.0000    -0.0000
   13.8400     0.0000    -0.0000
   13.8500     0.0000    -0.0000
   13.8600     0.0000    -0.0000
   13.8700     0.0000    -0.0000
   13.8800     0.0000    -0.0000
   13.8900     0.0000    -0.0000
   13.9000     0.0000    -0.0000
   13.9100     0.0000    -0.0000
   13.9200     0.0000    -0.0000
   13.9300     0.0000    -0.0000
   13.9400     0.0000    -0.0000
   13.9500     0.0000    -0.0000
   13.9600     0.0000    -0.0000
   13.9700     0.0000    -0.0000
   13.9800     0.0000    -0.0000
   13.9900     0.0000    -0.0000
   14.0000     0.0000    -0.0000
   14.0100     0.0000    -0.0000
   14.0200     0.0000    -0.0000
   14.0300     0.0000    -0.0000
   14.0400     0.0000    -0.0000
   14.0500     0.0000    -0.0000
   14.0600     0.0000    -0.0000
   14.0700     0.0000    -0.0000
   14.0800     0.0000    -0.0000
   14.0900     0.0000    -0.0000
   14.1000     0.0000    -0.0000
   14.1100     0.0000    -0.0000
   14.1200     0.0000    -0.0000
   14.1300     0.0000    -0.0000
   14.1400     0.0000    -0.0000
   14.1500     0.0000    -0.0000
   14.1600     0.0000    -0.0000
   14.1700     0.0000    -0.0000
   14.1800     0.0000    -0.0000
   14.1900     0.0000    -0.0000
   14.2000     0.0000    -0.0000
   14.2100     0.0000    -0.0000
   14.2200     0.0000    -0.0000
   14.2300     0.0000    -0.0000
   14.2400     0.0000    -0.0000
   14.2500     0.0000    -0.0000
   14.2600     0.0000    -0.0000
   14.2700     0.0000    -0.0000
   14.2800     0.0000    -0.0000
   14.2900     0.0000    -0.0000
   14.3000     0.0000    -0.0000
   14.3100     0.0000    -0.0000
   14.3200     0.0000    -0.0000
   14.3300     0.0000    -0.0000
   14.3400     0.0000    -0.0000
   14.3500     0.0000    -0.0000
   14.3600     0.0000    -0.0000
   14.3700     0.0000    -0.0000
   14.3800     0.0000    -0.0000
   14.3900     0.0000    -0.0000
   14.4000     0.0000    -0.0000
   14.4100     0.0000    -0.0000
   14.4200     0.0000    -0.0000
   14.4300     0.0000    -0.0000
   14.4400     0.0000    -0.0000
   14.4500     0.0000    -0.0000
   14.4600     0.0000    -0.0000
   14.4700     0.0000    -0.0000
   14.4800     0.0000    -0.0000
   14.4900     0.0000    -0.0000
   14.5000     0.0000    -0.0000
   14.5100     0.0000    -0.0000
   14.5200     0.0000    -0.0000
   14.5300     0.0000    -0.0000
   14.5400     0.0000    -0.0000
   14.5500     0.0000    -0.0000
   14.5600     0.0000    -0.0000
   14.5700     0.0000    -0.0000
   14.5800     0.0000    -0.0000
   14.5900     0.0000    -0.0000
   14.6000     0.0000    -0.0000
   14.6100     0.0000    -0.0000
   14.6200     0.0000    -0.0000
   14.6300     0.0000    -0.0000
   14.6400     0.0000    -0.0000
   14.6500     0.0000    -0.0000
   14.6600     0.0000    -0.0000
   14.6700     0.0000    -0.0000
   14.6800     0.0000    -0.0000
   14.6900     0.0000    -0.0000
   14.7000     0.0000    -0.0000
   14.7100     0.0000    -0.0000
   14.7200     0.0000    -0.0000
   14.7300     0.0000    -0.0000
   14.7400     0.0000    -0.0000
   14.7500     0.0000    -0.0000
   14.7600     0.0000    -0.0000
   14.7700     0.0000    -0.0000
   14.7800     0.0000    -0.0000
   14.7900     0.0000    -0.0000
   14.8000     0.0000    -0.0000
   14.8100     0.0000    -0.0000
   14.8200     0.0000    -0.0000
   14.8300     0.0000    -0.0000
   14.8400     0.0000    -0.0000
   14.8500     0.0000    -0.0000
   14.8600     0.0000    -0.0000
   14.8700     0.0000    -0.0000
   14.8800     0.0000    -0.0000
   14.8900     0.0000    -0.0000
   14.9000     0.0000    -0.0000
   14.9100     0.0000    -0.0000
   14.9200     0.0000    -0.0000
   14.9300     0.0000    -0.0000
   14.9400     0.0000    -0.0000
   14.9500     0.0000    -0.0000
   14.9600     0.0000    -0.0000
   14.9700     0.0000    -0.0000
   14.9800     0.0000    -0.0000
   14.9900     0.0000    -0.0000
   15.0000     0.0000    -0.0000
   15.0100     0.0000    -0.0000
   15.0200     0.0000    -0.0000
   15.0300     0.0000    -0.0000
   15.0400     0.0000    -0.0000
   15.0500     0.0000    -0.0000
   15.0600     0.0000    -0.0000
   15.0700     0.0000    -0.0000
   15.0800     0.0000    -0.0000
   15.0900     0.0000    -0.0000
   15.1000     0.0000    -0.0000
   15.1100     0.0000    -0.0000
   15.1200     0.0000    -0.0000
   15.1300     0.0000    -0.0000
   15.1400     0.0000    -0.0000
   15.1500     0.0000    -0.0000
   15.1600     0.0000    -0.0000
   15.1700     0.0000    -0.0000
   15.1800     0.0000    -0.0000
   15.1900     0.0000    -0.0000
   15.2000     0.0000    -0.0000
   15.2100     0.0000    -0.0000
   15.2200     0.0000    -0.0000
   15.2300     0.0000    -0.0000
   15.2400     0.0000    -0.0000
   15.2500     0.0000    -0.0000
   15.2600     0.0000    -0.0000
   15.2700     0.0000    -0.0000
   15.2800     0.0000    -0.0000
   15.2900     0.0000    -0.0000
   15.3000     0.0000    -0.0000
   15.3100     0.0000    -0.0000
   15.3200     0.0000    -0.0000
   15.3300     0.0000    -0.0000
   15.3400     0.0000    -0.0000
   15.3500     0.0000    -0.0000
   15.3600     0.0000    -0.0000
   15.3700     0.0000    -0.0000
   15.3800     0.0000    -0.0000
   15.3900     0.0000    -0.0000
   15.4000     0.0000    -0.0000
   15.4100     0.0000    -0.0000
   15.4200     0.0000    -0.0000
   15.4300     0.0000    -0.0000
   15.4400     0.0000    -0.0000
   15.4500     0.0000    -0.0000
   15.4600     0.0000    -0.0000
   15.4700     0.0000    -0.0000
   15.4800     0.0000    -0.0000
   15.4900     0.0000    -0.0000
   15.5000     0.0000    -0.0000
   15.5100     0.0000    -0.0000
   15.5200     0.0000    -0.0000
   15.5300     0.0000    -0.0000
   15.5400     0.0000    -0.0000
   15.5500     0.0000    -0.0000
   15.5600     0.0000    -0.0000
   15.5700     0.0000    -0.0000
   15.5800     0.0000    -0.0000
   15.5900     0.0000    -0.0000
   15.6000     0.0000    -0.0000
   15.6100     0.0000    -0.0000
   15.6200     0.0000    -0.0000
   15.6300     0.0000    -0.0000
   15.6400     0.0000    -0.0000
   15.6500     0.0000    -0.0000
   15.6600     0.0000    -0.0000
   15.6700     0.0000    -0.0000
   15.6800     0.0000    -0.0000
   15.6900     0.0000    -0.0000
   15.7000     0.0000    -0.0000
   15.7100     0.0000    -0.0000
   15.7200     0.0000    -0.0000
   15.7300     0.0000    -0.0000
   15.7400     0.0000    -0.0000
   15.7500     0.0000    -0.0000
   15.7600     0.0000    -0.0000
   15.7700     0.0000    -0.0000
   15.7800     0.0000    -0.0000
   15.7900     0.0000    -0.0000
   15.8000     0.0000    -0.0000
   15.8100     0.0000    -0.0000
   15.8200     0.0000    -0.0000
   15.8300     0.0000    -0.0000
   15.8400     0.0000    -0.0000
   15.8500     0.0000    -0.0000
   15.8600     0.0000    -0.0000
   15.8700     0.0000    -0.0000
   15.8800     0.0000    -0.0000
   15.8900     0.0000    -0.0000
   15.9000     0.0000    -0.0000
   15.9100     0.0000    -0.0000
   15.9200     0.0000    -0.0000
   15.9300     0.0000    -0.0000
   15.9400     0.0000    -0.0000
   15.9500     0.0000    -0.0000
   15.9600     0.0000    -0.0000
   15.9700     0.0000    -0.0000
   15.9800     0.0000    -0.0000
   15.9900     0.0000    -0.0000
   16.0000     0.0000    -0.0000
   16.0100     0.0000    -0.0000
   16.0200     0.0000    -0.0000
   16.0300     0.0000    -0.0000
   16.0400     0.0000    -0.0000
   16.0500     0.0000    -0.0000
   16.0600     0.0000    -0.0000
   16.0700     0.0000    -0.0000
   16.0800     0.0000    -0.0000
   16.0900     0.0000    -0.0000
   16.1000     0.0000    -0.0000
   16.1100     0.0000    -0.0000
   16.1200     0.0000    -0.0000
   16.1300     0.0000    -0.0000
   16.1400     0.0000    -0.0000
   16.1500     0.0000    -0.0000
   16.1600     0.0000    -0.0000
   16.1700     0.0000    -0.0000
   16.1800     0.0000    -0.0000
   16.1900     0.0000    -0.0000
   16.2000     0.0000    -0.0000
   16.2100     0.0000    -0.0000
   16.2200     0.0000    -0.0000
   16.2300     0.0000    -0.0000
   16.2400     0.0000    -0.0000
   16.2500     0.0000    -0.0000
   16.2600     0.0000    -0.0000
   16.2700     0.0000    -0.0000
   16.2800     0.0000    -0.0000
   16.2900     0.0000    -0.0000
   16.3000     0.0000    -0.0000
   16.3100     0.0000    -0.0000
   16.3200     0.0000    -0.0000
   16.3300     0.0000    -0.0000
   16.3400     0.0000    -0.0000
   16.3500     0.0000    -0.0000
   16.3600     0.0000    -0.0000
   16.3700     0.0000    -0.0000
   16.3800     0.0000    -0.0000
   16.3900     0.0000    -0.0000
   16.4000     0.0000    -0.0000
   16.4100     0.0000    -0.0000
   16.4200     0.0000    -0.0000
   16.4300     0.0000    -0.0000
   16.4400     0.0000    -0.0000
   16.4500     0.0000    -0.0000
   16.4600     0.0000    -0.0000
   16.4700     0.0000    -0.0000
   16.4800     0.0000    -0.0000
   16.4900     0.0000    -0.0000
   16.5000     0.0000    -0.0000
   16.5100     0.0000    -0.0000
   16.5200     0.0000    -0.0000
   16.5300     0.0000    -0.0000
   16.5400     0.0000    -0.0000
   16.5500     0.0000    -0.0000
   16.5600     0.0000    -0.0000
   16.5700     0.0000    -0.0000
   16.5800     0.0000    -0.0000
   16.5900     0.0000    -0.0000
   16.6000     0.0000    -0.0000
   16.6100     0.0000    -0.0000
   16.6200     0.0000    -0.0000
   16.6300     0.0000    -0.0000
   16.6400     0.0000    -0.0000
   16.6500     0.0000    -0.0000
   16.6600     0.0000    -0.0000
   16.6700     0.0000    -0.0000
   16.6800     0.0000    -0.0000
   16.6900     0.0000    -0.0000
   16.7000     0.0000    -0.0000
   16.7100     0.0000    -0.0000
   16.7200     0.0000    -0.0000
   16.7300     0.0000    -0.0000
   16.7400     0.0000    -0.0000
   16.7500     0.0000    -0.0000
   16.7600     0.0000    -0.0000
   16.7700     0.0000    -0.0000
   16.7800     0.0000    -0.0000
   16.7900     0.0000    -0.0000
   16.8000     0.0000    -0.0000
   16.8100     0.0000    -0.0000
   16.8200     0.0000    -0.0000
   16.8300     0.0000    -0.0000
   16.8400     0.0000    -0.0000
   16.8500     0.0000    -0.0000
   16.8600     0.0000    -0.0000
   16.8700     0.0000    -0.0000
   16.8800     0.0000    -0.0000
   16.8900     0.0000    -0.0000
   16.9000     0.0000    -0.0000
   16.9100     0.0000    -0.0000
   16.9200     0.0000    -0.0000
   16.9300     0.0000    -0.0000
   16.9400     0.0000    -0.0000
   16.9500     0.0000    -0.0000
   16.9600     0.0000    -0.0000
   16.9700     0.0000    -0.0000
   16.9800     0.0000    -0.0000
   16.9900     0.0000    -0.0000
   17.0000     0.0000    -0.0000
   17.0100     0.0000    -0.0000
   17.0200     0.0000    -0.0000
   17.0300     0.0000    -0.0000
   17.0400     0.0000    -0.0000
   17.0500     0.0000    -0.0000
   17.0600     0.0000    -0.0000
   17.0700     0.0000    -0.0000
   17.0800     0.0000    -0.0000
   17.0900     0.0000    -0.0000
   17.1000     0.0000    -0.0000
   17.1100     0.0000    -0.0000
   17.1200     0.0000    -0.0000
   17.1300     0.0000    -0.0000
   17.1400     0.0000    -0.0000
   17.1500     0.0000    -0.0000
   17.1600     0.0000    -0.0000
   17.1700     0.0000    -0.0000
   17.1800     0.0000    -0.0000
   17.1900     0.0000    -0.0000
   17.2000     0.0000    -0.0000
   17.2100     0.0000    -0.0000
   17.2200     0.0000    -0.0000
   17.2300     0.0000    -0.0000
   17.2400     0.0000    -0.0000
   17.2500     0.0000    -0.0000
   17.2600     0.0000    -0.0000
   17.2700     0.0000    -0.0000
   17.2800     0.0000    -0.0000
   17.2900     0.0000    -0.0000
   17.3000     0.0000    -0.0000
   17.3100     0.0000    -0.0000
   17.3200     0.0000    -0.0000
   17.3300     0.0000    -0.0000
   17.3400     0.0000    -0.0000
   17.3500     0.0000    -0.0000
   17.3600     0.0000    -0.0000
   17.3700     0.0000    -0.0000
   17.3800     0.0000    -0.0000
   17.3900     0.0000    -0.0000
   17.4000     0.0000    -0.0000
   17.4100     0.0000    -0.0000
   17.4200     0.0000    -0.0000
   17.4300     0.0000    -0.0000
   17.4400     0.0000    -0.0000
   17.4500     0.0000    -0.0000
   17.4600     0.0000    -0.0000
   17.4700     0.0000    -0.0000
   17.4800     0.0000    -0.0000
   17.4900     0.0000    -0.0000
   17.5000     0.0000    -0.0000
   17.5100     0.0000    -0.0000
   17.5200     0.0000    -0.0000
   17.5300     0.0000    -0.0000
   17.5400     0.0000    -0.0000
   17.5500     0.0000    -0.0000
   17.5600     0.0000    -0.0000
   17.5700     0.0000    -0.0000
   17.5800     0.0000    -0.0000
   17.5900     0.0000    -0.0000
   17.6000     0.0000    -0.0000
   17.6100     0.0000    -0.0000
   17.6200     0.0000    -0.0000
   17.6300     0.0000    -0.0000
   17.6400     0.0000    -0.0000
   17.6500     0.0000    -0.0000
   17.6600     0.0000    -0.0000
   17.6700     0.0000    -0.0000
   17.6800     0.0000    -0.0000
   17.6900     0.0000    -0.0000
   17.7000     0.0000    -0.0000
   17.7100     0.0000    -0.0000
   17.7200     0.0000    -0.0000
   17.7300     0.0000    -0.0000
   17.7400     0.0000    -0.0000
   17.7500     0.0000    -0.0000
   17.7600     0.0000    -0.0000
   17.7700     0.0000    -0.0000
   17.7800     0.0000    -0.0000
   17.7900     0.0000    -0.0000
   17.8000     0.0000    -0.0000
   17.8100     0.0000    -0.0000
   17.8200     0.0000    -0.0000
   17.8300     0.0000    -0.0000
   17.8400     0.0000    -0.0000
   17.8500     0.0000    -0.0000
   17.8600     0.0000    -0.0000
   17.8700     0.0000    -0.0000
   17.8800     0.0000    -0.0000
   17.8900     0.0000    -0.0000
   17.9000     0.0000    -0.0000
   17.9100     0.0000    -0.0000
   17.9200     0.0000    -0.0000
   17.9300     0.0000    -0.0000
   17.9400     0.0000    -0.0000
   17.9500     0.0000    -0.0000
   17.9600     0.0000    -0.0000
   17.9700     0.0000    -0.0000
   17.9800     0.0000    -0.0000
   17.9900     0.0000    -0.0000
   18.0000     0.0000    -0.0000
   18.0100     0.0000    -0.0000
   18.0200     0.0000    -0.0000
   18.0300     0.0000    -0.0000
   18.0400     0.0000    -0.0000
   18.0500     0.0000    -0.0000
   18.0600     0.0000    -0.0000
   18.0700     0.0000    -0.0000
   18.0800     0.0000    -0.0000
   18.0900     0.0000    -0.0000
   18.1000     0.0000    -0.0000
   18.1100     0.0000    -0.0000
   18.1200     0.0000    -0.0000
   18.1300     0.0000    -0.0000
   18.1400     0.0000    -0.0000
   18.1500     0.0000    -0.0000
   18.1600     0.0000    -0.0000
   18.1700     0.0000    -0.0000
   18.1800     0.0000    -0.0000
   18.1900     0.0000    -0.0000
   18.2000     0.0000    -0.0000
   18.2100     0.0000    -0.0000
   18.2200     0.0000    -0.0000
   18.2300     0.0000    -0.0000
   18.2400     0.0000    -0.0000
   18.2500     0.0000    -0.0000
   18.2600     0.0000    -0.0000
   18.2700     0.0000    -0.0000
   18.2800     0.0000    -0.0000
   18.2900     0.0000    -0.0000
   18.3000     0.0000    -0.0000
   18.3100     0.0000    -0.0000
   18.3200     0.0000    -0.0000
   18.3300     0.0000    -0.0000
   18.3400     0.0000    -0.0000
   18.3500     0.0000    -0.0000
   18.3600     0.0000    -0.0000
   18.3700     0.0000    -0.0000
   18.3800     0.0000    -0.0000
   18.3900     0.0000    -0.0000
   18.4000     0.0000    -0.0000
   18.4100     0.0000    -0.0000
   18.4200     0.0000    -0.0000
   18.4300     0.0000    -0.0000
   18.4400     0.0000    -0.0000
   18.4500     0.0000    -0.0000
   18.4600     0.0000    -0.0000
   18.4700     0.0000    -0.0000
   18.4800     0.0000    -0.0000
   18.4900     0.0000    -0.0000
   18.5000     0.0000    -0.0000
   18.5100     0.0000    -0.0000
   18.5200     0.0000    -0.0000
   18.5300     0.0000    -0.0000
   18.5400     0.0000    -0.0000
   18.5500     0.0000    -0.0000
   18.5600     0.0000    -0.0000
   18.5700     0.0000    -0.0000
   18.5800     0.0000    -0.0000
   18.5900     0.0000    -0.0000
   18.6000     0.0000    -0.0000
   18.6100     0.0000    -0.0000
   18.6200     0.0000    -0.0000
   18.6300     0.0000    -0.0000
   18.6400     0.0000    -0.0000
   18.6500     0.0000    -0.0000
   18.6600     0.0000    -0.0000
   18.6700     0.0000    -0.0000
   18.6800     0.0000    -0.0000
   18.6900     0.0000    -0.0000
   18.7000     0.0000    -0.0000
   18.7100     0.0000    -0.0000
   18.7200     0.0000    -0.0000
   18.7300     0.0000    -0.0000
   18.7400     0.0000    -0.0000
   18.7500     0.0000    -0.0000
   18.7600     0.0000    -0.0000
   18.7700     0.0000    -0.0000
   18.7800     0.0000    -0.0000
   18.7900     0.0000    -0.0000
   18.8000     0.0000    -0.0000
   18.8100     0.0000    -0.0000
   18.8200     0.0000    -0.0000
   18.8300     0.0000    -0.0000
   18.8400     0.0000    -0.0000
   18.8500     0.0000    -0.0000
   18.8600     0.0000    -0.0000
   18.8700     0.0000    -0.0000
   18.8800     0.0000    -0.0000
   18.8900     0.0000    -0.0000
   18.9000     0.0000    -0.0000
   18.9100     0.0000    -0.0000
   18.9200     0.0000    -0.0000
   18.9300     0.0000    -0.0000
   18.9400     0.0000    -0.0000
   18.9500     0.0000    -0.0000
   18.9600     0.0000    -0.0000
   18.9700     0.0000    -0.0000
   18.9800     0.0000    -0.0000
   18.9900     0.0000    -0.0000
   19.0000     0.0000    -0.0000
   19.0100     0.0000    -0.0000
   19.0200     0.0000    -0.0000
   19.0300     0.0000    -0.0000
   19.0400     0.0000    -0.0000
   19.0500     0.0000    -0.0000
   19.0600     0.0000    -0.0000
   19.0700     0.0000    -0.0000
   19.0800     0.0000    -0.0000
   19.0900     0.0000    -0.0000
   19.1000     0.0000    -0.0000
   19.1100     0.0000    -0.0000
   19.1200     0.0000    -0.0000
   19.1300     0.0000    -0.0000
   19.1400     0.0000    -0.0000
   19.1500     0.0000    -0.0000
   19.1600     0.0000    -0.0000
   19.1700     0.0000    -0.0000
   19.1800     0.0000    -0.0000
   19.1900     0.0000    -0.0000
   19.2000     0.0000    -0.0000
   19.2100     0.0000    -0.0000
   19.2200     0.0000    -0.0000
   19.2300     0.0000    -0.0000
   19.2400     0.0000    -0.0000
   19.2500     0.0000    -0.0000
   19.2600     0.0000    -0.0000
   19.2700     0.0000    -0.0000
   19.2800     0.0000    -0.0000
   19.2900     0.0000    -0.0000
   19.3000     0.0000    -0.0000
   19.3100     0.0000    -0.0000
   19.3200     0.0000    -0.0000
   19.3300     0.0000    -0.0000
   19.3400     0.0000    -0.0000
   19.3500     0.0000    -0.0000
   19.3600     0.0000    -0.0000
   19.3700     0.0000    -0.0000
   19.3800     0.0000    -0.0000
   19.3900     0.0000    -0.0000
   19.4000     0.0000    -0.0000
   19.4100     0.0000    -0.0000
   19.4200     0.0000    -0.0000
   19.4300     0.0000    -0.0000
   19.4400     0.0000    -0.0000
   19.4500     0.0000    -0.0000
   19.4600     0.0000    -0.0000
   19.4700     0.0000    -0.0000
   19.4800     0.0000    -0.0000
   19.4900     0.0000    -0.0000
   19.5000     0.0000    -0.0000
   19.5100     0.0000    -0.0000
   19.5200     0.0000    -0.0000
   19.5300     0.0000    -0.0000
   19.5400     0.0000    -0.0000
   19.5500     0.0000    -0.0000
   19.5600     0.0000    -0.0000
   19.5700     0.0000    -0.0000
   19.5800     0.0000    -0.0000
   19.5900     0.0000    -0.0000
   19.6000     0.0000    -0.0000
   19.6100     0.0000    -0.0000
   19.6200     0.0000    -0.0000
   19.6300     0.0000    -0.0000
   19.6400     0.0000    -0.0000
   19.6500     0.0000    -0.0000
   19.6600     0.0000    -0.0000
   19.6700     0.0000    -0.0000
   19.6800     0.0000    -0.0000
   19.6900     0.0000    -0.0000
   19.7000     0.0000    -0.0000
   19.7100     0.0000    -0.0000
   19.7200     0.0000    -0.0000
   19.7300     0.0000    -0.0000
   19.7400     0.0000    -0.0000
   19.7500     0.0000    -0.0000
   19.7600     0.0000    -0.0000
   19.7700     0.0000    -0.0000
   19.7800     0.0000    -0.0000
   19.7900     0.0000    -0.0000
   19.8000     0.0000    -0.0000
   19.8100     0.0000    -0.0000
   19.8200     0.0000    -0.0000
   19.8300     0.0000    -0.0000
   19.8400     0.0000    -0.0000
   19.8500     0.0000    -0.0000
   19.8600     0.0000    -0.0000
   19.8700     0.0000    -0.0000
   19.8800     0.0000    -0.0000
   19.8900     0.0000    -0.0000
   19.9000     0.0000    -0.0000
   19.9100     0.0000    -0.0000
   19.9200     0.0000    -0.0000
   19.9300     0.0000    -0.0000
   19.9400     0.0000    -0.0000
   19.9500     0.0000    -0.0000
   19.9600     0.0000    -0.0000
   19.9700     0.0000    -0.0000
   19.9800     0.0000    -0.0000
   19.9900     0.0000    -0.0000
   20.0000     0.0000    -0.0000
