    0.0000     0.0000     2.0000
    0.0100     0.0199     1.9898
    0.0200     0.0398     1.9793
    0.0300     0.0595     1.9684
    0.0400     0.0792     1.9572
    0.0500     0.0987     1.9457
    0.0600     0.1181     1.9338
    0.0700     0.1374     1.9216
    0.0800     0.1565     1.9091
    0.0900     0.1755     1.8963
    0.1000     0.1944     1.8831
    0.1100     0.2132     1.8697
    0.1200     0.2318     1.8559
    0.1300     0.2503     1.8419
    0.1400     0.2687     1.8275
    0.1500     0.2869     1.8128
    0.1600     0.3049     1.7979
    0.1700     0.3228     1.7827
    0.1800     0.3406     1.7672
    0.1900     0.3582     1.7514
    0.2000     0.3756     1.7353
    0.2100     0.3929     1.7190
    0.2200     0.4100     1.7024
    0.2300     0.4269     1.6856
    0.2400     0.4437     1.6685
    0.2500     0.4603     1.6511
    0.2600     0.4767     1.6336
    0.2700     0.4930     1.6157
    0.2800     0.5090     1.5977
    0.2900     0.5249     1.5794
    0.3000     0.5406     1.5609
    0.3100     0.5561     1.5422
    0.3200     0.5715     1.5232
    0.3300     0.5866     1.5041
    0.3400     0.6015     1.4847
    0.3500     0.6163     1.4652
    0.3600     0.6308     1.4454
    0.3700     0.6452     1.4255
    0.3800     0.6593     1.4054
    0.3900     0.6733     1.3851
    0.4000     0.6870     1.3646
    0.4100     0.7006     1.3439
    0.4200     0.7139     1.3231
    0.4300     0.7271     1.3022
    0.4400     0.7400     1.2810
    0.4500     0.7527     1.2597
    0.4600     0.7652     1.2383
    0.4700     0.7774     1.2168
    0.4800     0.7895     1.1951
    0.4900     0.8013     1.1732
    0.5000     0.8130     1.1513
    0.5100     0.8244     1.1292
    0.5200     0.8355     1.1070
    0.5300     0.8465     1.0847
    0.5400     0.8572     1.0623
    0.5500     0.8677     1.0398
    0.5600     0.8780     1.0172
    0.5700     0.8881     0.9945
    0.5800     0.8979     0.9717
    0.5900     0.9075     0.9489
    0.6000     0.9169     0.9259
    0.6100     0.9260     0.9029
    0.6200     0.9350     0.8799
    0.6300     0.9436     0.8567
    0.6400     0.9521     0.8336
    0.6500     0.9603     0.8103
    0.6600     0.9683     0.7870
    0.6700     0.9761     0.7637
    0.6800     0.9836     0.7404
    0.6900     0.9909     0.7170
    0.7000     0.9979     0.6936
    0.7100     1.0047     0.6701
    0.7200     1.0113     0.6467
    0.7300     1.0177     0.6232
    0.7400     1.0238     0.5997
    0.7500     1.0297     0.5763
    0.7600     1.0353     0.5528
    0.7700     1.0407     0.5293
    0.7800     1.0459     0.5059
    0.7900     1.0508     0.4824
    0.8000     1.0555     0.4590
    0.8100     1.0600     0.4356
    0.8200     1.0643     0.4123
    0.8300     1.0683     0.3889
    0.8400     1.0720     0.3656
    0.8500     1.0756     0.3424
    0.8600     1.0789     0.3192
    0.8700     1.0820     0.2960
    0.8800     1.0848     0.2730
    0.8900     1.0874     0.2499
    0.9000     1.0898     0.2270
    0.9100     1.0920     0.2041
    0.9200     1.0939     0.1812
    0.9300     1.0956     0.1585
    0.9400     1.0971     0.1358
    0.9500     1.0983     0.1133
    0.9600     1.0993     0.0908
    0.9700     1.1001     0.0684
    0.9800     1.1007     0.0461
    0.9900     1.1010     0.0239
    1.0000     1.1012     0.0018
    1.0100     1.1011    -0.0202
    1.0200     1.1008    -0.0420
    1.0300     1.1002    -0.0638
    1.0400     1.0995    -0.0854
    1.0500     1.0985    -0.1069
    1.0600     1.0973    -0.1283
    1.0700     1.0960    -0.1495
    1.0800     1.0944    -0.1706
    1.0900     1.0925    -0.1916
    1.1000     1.0905    -0.2124
    1.1100     1.0883    -0.2331
    1.1200     1.0859    -0.2536
    1.1300     1.0832    -0.2740
    1.1400     1.0804    -0.2942
    1.1500     1.0773    -0.3142
    1.1600     1.0741    -0.3341
    1.1700     1.0707    -0.3539
    1.1800     1.0670    -0.3734
    1.1900     1.0632    -0.3928
    1.2000     1.0592    -0.4120
    1.2100     1.0550    -0.4311
    1.2200     1.0506    -0.4499
    1.2300     1.0460    -0.4686
    1.2400     1.0412    -0.4871
    1.2500     1.0362    -0.5054
    1.2600     1.0311    -0.5235
    1.2700     1.0257    -0.5414
    1.2800     1.0202    -0.5591
    1.2900     1.0146    -0.5766
    1.3000     1.0087    -0.5939
    1.3100     1.0027    -0.6110
    1.3200     0.9965    -0.6279
    1.3300     0.9901    -0.6446
    1.3400     0.9836    -0.6610
    1.3500     0.9769    -0.6773
    1.3600     0.9701    -0.6933
    1.3700     0.9630    -0.7092
    1.3800     0.9559    -0.7248
    1.3900     0.9486    -0.7402
    1.4000     0.9411    -0.7553
    1.4100     0.9334    -0.7702
    1.4200     0.9257    -0.7849
    1.4300     0.9177    -0.7994
    1.4400     0.9097    -0.8137
    1.4500     0.9015    -0.8277
    1.4600     0.8931    -0.8414
    1.4700     0.8846    -0.8550
    1.4800     0.8760    -0.8683
    1.4900     0.8673    -0.8813
    1.5000     0.8584    -0.8942
    1.5100     0.8494    -0.9067
    1.5200     0.8403    -0.9191
    1.5300     0.8310    -0.9312
    1.5400     0.8217    -0.9430
    1.5500     0.8122    -0.9546
    1.5600     0.8026    -0.9659
    1.5700     0.7928    -0.9770
    1.5800     0.7830    -0.9879
    1.5900     0.7731    -0.9985
    1.6000     0.7631    -1.0088
    1.6100     0.7529    -1.0189
    1.6200     0.7427    -1.0287
    1.6300     0.7323    -1.0383
    1.6400     0.7219    -1.0477
    1.6500     0.7114    -1.0567
    1.6600     0.7008    -1.0655
    1.6700     0.6901    -1.0741
    1.6800     0.6793    -1.0824
    1.6900     0.6684    -1.0904
    1.7000     0.6575    -1.0982
    1.7100     0.6465    -1.1058
    1.7200     0.6354    -1.1130
    1.7300     0.6242    -1.1201
    1.7400     0.6130    -1.1268
    1.7500     0.6017    -1.1333
    1.7600     0.5903    -1.1395
    1.7700     0.5789    -1.1455
    1.7800     0.5674    -1.1512
    1.7900     0.5559    -1.1567
    1.8000     0.5443    -1.1619
    1.8100     0.5326    -1.1669
    1.8200     0.5209    -1.1715
    1.8300     0.5092    -1.1760
    1.8400     0.4974    -1.1802
    1.8500     0.4856    -1.1841
    1.8600     0.4737    -1.1877
    1.8700     0.4618    -1.1911
    1.8800     0.4499    -1.1943
    1.8900     0.4379    -1.1972
    1.9000     0.4260    -1.1998
    1.9100     0.4140    -1.2022
    1.9200     0.4019    -1.2044
    1.9300     0.3899    -1.2063
    1.9400     0.3778    -1.2079
    1.9500     0.3657    -1.2093
    1.9600     0.3536    -1.2104
    1.9700     0.3415    -1.2113
    1.9800     0.3294    -1.2120
    1.9900     0.3173    -1.2124
    2.0000     0.3051    -1.2126
    2.0100     0.2930    -1.2125
    2.0200     0.2809    -1.2122
    2.0300     0.2688    -1.2116
    2.0400     0.2567    -1.2108
    2.0500     0.2446    -1.2098
    2.0600     0.2325    -1.2085
    2.0700     0.2204    -1.2070
    2.0800     0.2083    -1.2052
    2.0900     0.1963    -1.2032
    2.1000     0.1843    -1.2010
    2.1100     0.1723    -1.1986
    2.1200     0.1603    -1.1959
    2.1300     0.1483    -1.1931
    2.1400     0.1364    -1.1899
    2.1500     0.1245    -1.1866
    2.1600     0.1127    -1.1831
    2.1700     0.1009    -1.1793
    2.1800     0.0891    -1.1753
    2.1900     0.0774    -1.1711
    2.2000     0.0657    -1.1667
    2.2100     0.0540    -1.1621
    2.2200     0.0424    -1.1572
    2.2300     0.0309    -1.1522
    2.2400     0.0194    -1.1470
    2.2500     0.0080    -1.1415
    2.2600    -0.0034    -1.1359
    2.2700    -0.0148    -1.1300
    2.2800    -0.0260    -1.1240
    2.2900    -0.0372    -1.1177
    2.3000    -0.0484    -1.1113
    2.3100    -0.0595    -1.1047
    2.3200    -0.0705    -1.0979
    2.3300    -0.0814    -1.0909
    2.3400    -0.0923    -1.0837
    2.3500    -0.1031    -1.0764
    2.3600    -0.1138    -1.0688
    2.3700    -0.1245    -1.0611
    2.3800    -0.1350    -1.0532
    2.3900    -0.1455    -1.0452
    2.4000    -0.1559    -1.0370
    2.4100    -0.1663    -1.0286
    2.4200    -0.1765    -1.0200
    2.4300    -0.1867    -1.0113
    2.4400    -0.1967    -1.0024
    2.4500    -0.2067    -0.9934
    2.4600    -0.2166    -0.9842
    2.4700    -0.2264    -0.9749
    2.4800    -0.2361    -0.9654
    2.4900    -0.2457    -0.9558
    2.5000    -0.2552    -0.9461
    2.5100    -0.2646    -0.9362
    2.5200    -0.2739    -0.9261
    2.5300    -0.2832    -0.9159
    2.5400    -0.2923    -0.9056
    2.5500    -0.3013    -0.8952
    2.5600    -0.3102    -0.8846
    2.5700    -0.3190    -0.8739
    2.5800    -0.3276    -0.8631
    2.5900    -0.3362    -0.8522
    2.6000    -0.3447    -0.8412
    2.6100    -0.3530    -0.8300
    2.6200    -0.3613    -0.8187
    2.6300    -0.3694    -0.8074
    2.6400    -0.3774    -0.7959
    2.6500    -0.3853    -0.7843
    2.6600    -0.3931    -0.7726
    2.6700    -0.4008    -0.7609
    2.6800    -0.4083    -0.7490
    2.6900    -0.4158    -0.7370
    2.7000    -0.4231    -0.7250
    2.7100    -0.4303    -0.7129
    2.7200    -0.4373    -0.7007
    2.7300    -0.4443    -0.6884
    2.7400    -0.4511    -0.6760
    2.7500    -0.4578    -0.6636
    2.7600    -0.4644    -0.6511
    2.7700    -0.4708    -0.6385
    2.7800    -0.4771    -0.6258
    2.7900    -0.4833    -0.6131
    2.8000    -0.4894    -0.6004
    2.8100    -0.4953    -0.5876
    2.8200    -0.5012    -0.5747
    2.8300    -0.5068    -0.5618
    2.8400    -0.5124    -0.5488
    2.8500    -0.5178    -0.5358
    2.8600    -0.5231    -0.5227
    2.8700    -0.5283    -0.5096
    2.8800    -0.5333    -0.4965
    2.8900    -0.5382    -0.4833
    2.9000    -0.5430    -0.4701
    2.9100    -0.5476    -0.4569
    2.9200    -0.5521    -0.4437
    2.9300    -0.5565    -0.4304
    2.9400    -0.5607    -0.4171
    2.9500    -0.5648    -0.4038
    2.9600    -0.5688    -0.3905
    2.9700    -0.5726    -0.3771
    2.9800    -0.5763    -0.3638
    2.9900    -0.5799    -0.3505
    3.0000    -0.5833    -0.3371
    3.0100    -0.5866    -0.3237
    3.0200    -0.5898    -0.3104
    3.0300    -0.5928    -0.2971
    3.0400    -0.5958    -0.2837
    3.0500    -0.5985    -0.2704
    3.0600    -0.6012    -0.2571
    3.0700    -0.6037    -0.2438
    3.0800    -0.6060    -0.2305
    3.0900    -0.6083    -0.2172
    3.1000    -0.6104    -0.2040
    3.1100    -0.6124    -0.1908
    3.1200    -0.6142    -0.1776
    3.1300    -0.6159    -0.1644
    3.1400    -0.6175    -0.1513
    3.1500    -0.6189    -0.1382
    3.1600    -0.6202    -0.1252
    3.1700    -0.6214    -0.1122
    3.1800    -0.6225    -0.0992
    3.1900    -0.6234    -0.0863
    3.2000    -0.6242    -0.0734
    3.2100    -0.6249    -0.0606
    3.2200    -0.6254    -0.0478
    3.2300    -0.6258    -0.0351
    3.2400    -0.6261    -0.0224
    3.2500    -0.6263    -0.0098
    3.2600    -0.6263     0.0027
    3.2700    -0.6262     0.0152
    3.2800    -0.6260     0.0276
    3.2900    -0.6257     0.0400
    3.3000    -0.6252     0.0523
    3.3100    -0.6246     0.0645
    3.3200    -0.6239     0.0766
    3.3300    -0.6231     0.0887
    3.3400    -0.6222     0.1006
    3.3500    -0.6211     0.1125
    3.3600    -0.6199     0.1244
    3.3700    -0.6186     0.1361
    3.3800    -0.6172     0.1477
    3.3900    -0.6157     0.1593
    3.4000    -0.6140     0.1708
    3.4100    -0.6122     0.1822
    3.4200    -0.6104     0.1934
    3.4300    -0.6084     0.2046
    3.4400    -0.6063     0.2157
    3.4500    -0.6041     0.2267
    3.4600    -0.6017     0.2376
    3.4700    -0.5993     0.2484
    3.4800    -0.5968     0.2591
    3.4900    -0.5941     0.2697
    3.5000    -0.5914     0.2802
    3.5100    -0.5885     0.2906
    3.5200    -0.5856     0.3008
    3.5300    -0.5825     0.3110
    3.5400    -0.5793     0.3210
    3.5500    -0.5761     0.3309
    3.5600    -0.5727     0.3407
    3.5700    -0.5693     0.3504
    3.5800    -0.5657     0.3600
    3.5900    -0.5621     0.3695
    3.6000    -0.5583     0.3788
    3.6100    -0.5545     0.3880
    3.6200    -0.5506     0.3971
    3.6300    -0.5466     0.4061
    3.6400    -0.5424     0.4149
    3.6500    -0.5383     0.4236
    3.6600    -0.5340     0.4322
    3.6700    -0.5296     0.4406
    3.6800    -0.5252     0.4490
    3.6900    -0.5206     0.4572
    3.7000    -0.5160     0.4652
    3.7100    -0.5113     0.4731
    3.7200    -0.5066     0.4809
    3.7300    -0.5017     0.4886
    3.7400    -0.4968     0.4961
    3.7500    -0.4918     0.5035
    3.7600    -0.4867     0.5108
    3.7700    -0.4816     0.5179
    3.7800    -0.4764     0.5248
    3.7900    -0.4711     0.5317
    3.8000    -0.4657     0.5384
    3.8100    -0.4603     0.5449
    3.8200    -0.4548     0.5513
    3.8300    -0.4493     0.5576
    3.8400    -0.4437     0.5637
    3.8500    -0.4380     0.5697
    3.8600    -0.4323     0.5755
    3.8700    -0.4265     0.5812
    3.8800    -0.4207     0.5868
    3.8900    -0.4148     0.5922
    3.9000    -0.4088     0.5975
    3.9100    -0.4028     0.6026
    3.9200    -0.3968     0.6076
    3.9300    -0.3907     0.6124
    3.9400    -0.3845     0.6171
    3.9500    -0.3783     0.6216
    3.9600    -0.3721     0.6260
    3.9700    -0.3658     0.6302
    3.9800    -0.3595     0.6343
    3.9900    -0.3531     0.6382
    4.0000    -0.3467     0.6420
    4.0100    -0.3403     0.6457
    4.0200    -0.3338     0.6492
    4.0300    -0.3273     0.6526
    4.0400    -0.3208     0.6558
    4.0500    -0.3142     0.6588
    4.0600    -0.3076     0.6617
    4.0700    -0.3009     0.6645
    4.0800    -0.2943     0.6671
    4.0900    -0.2876     0.6696
    4.1000    -0.2809     0.6719
    4.1100    -0.2742     0.6741
    4.1200    -0.2674     0.6762
    4.1300    -0.2606     0.6781
    4.1400    -0.2539     0.6798
    4.1500    -0.2470     0.6814
    4.1600    -0.2402     0.6829
    4.1700    -0.2334     0.6842
    4.1800    -0.2265     0.6854
    4.1900    -0.2197     0.6864
    4.2000    -0.2128     0.6873
    4.2100    -0.2059     0.6880
    4.2200    -0.1991     0.6887
    4.2300    -0.1922     0.6891
    4.2400    -0.1853     0.6895
    4.2500    -0.1784     0.6896
    4.2600    -0.1715     0.6897
    4.2700    -0.1646     0.6896
    4.2800    -0.1577     0.6894
    4.2900    -0.1508     0.6890
    4.3000    -0.1439     0.6885
    4.3100    -0.1370     0.6879
    4.3200    -0.1302     0.6871
    4.3300    -0.1233     0.6862
    4.3400    -0.1164     0.6852
    4.3500    -0.1096     0.6840
    4.3600    -0.1027     0.6827
    4.3700    -0.0959     0.6813
    4.3800    -0.0891     0.6798
    4.3900    -0.0823     0.6781
    4.4000    -0.0756     0.6763
    4.4100    -0.0688     0.6743
    4.4200    -0.0621     0.6723
    4.4300    -0.0554     0.6701
    4.4400    -0.0487     0.6678
    4.4500    -0.0420     0.6654
    4.4600    -0.0354     0.6628
    4.4700    -0.0287     0.6602
    4.4800    -0.0222     0.6574
    4.4900    -0.0156     0.6545
    4.5000    -0.0091     0.6515
    4.5100    -0.0026     0.6483
    4.5200     0.0039     0.6451
    4.5300     0.0103     0.6417
    4.5400     0.0167     0.6382
    4.5500     0.0231     0.6347
    4.5600     0.0294     0.6310
    4.5700     0.0357     0.6272
    4.5800     0.0420     0.6233
    4.5900     0.0482     0.6193
    4.6000     0.0543     0.6152
    4.6100     0.0605     0.6109
    4.6200     0.0666     0.6066
    4.6300     0.0726     0.6022
    4.6400     0.0786     0.5977
    4.6500     0.0846     0.5931
    4.6600     0.0905     0.5884
    4.6700     0.0963     0.5836
    4.6800     0.1021     0.5787
    4.6900     0.1079     0.5737
    4.7000     0.1136     0.5686
    4.7100     0.1193     0.5635
    4.7200     0.1249     0.5582
    4.7300     0.1304     0.5529
    4.7400     0.1359     0.5475
    4.7500     0.1414     0.5420
    4.7600     0.1468     0.5364
    4.7700     0.1521     0.5308
    4.7800     0.1574     0.5250
    4.7900     0.1626     0.5192
    4.8000     0.1678     0.5133
    4.8100     0.1729     0.5074
    4.8200     0.1779     0.5013
    4.8300     0.1829     0.4952
    4.8400     0.1878     0.4891
    4.8500     0.1927     0.4828
    4.8600     0.1975     0.4765
    4.8700     0.2022     0.4702
    4.8800     0.2069     0.4637
    4.8900     0.2115     0.4573
    4.9000     0.2160     0.4507
    4.9100     0.2205     0.4441
    4.9200     0.2249     0.4375
    4.9300     0.2293     0.4307
    4.9400     0.2335     0.4240
    4.9500     0.2377     0.4172
    4.9600     0.2419     0.4103
    4.9700     0.2459     0.4034
    4.9800     0.2499     0.3964
    4.9900     0.2539     0.3894
    5.0000     0.2577     0.3824
    5.0100     0.2615     0.3753
    5.0200     0.2652     0.3682
    5.0300     0.2689     0.3610
    5.0400     0.2725     0.3538
    5.0500     0.2760     0.3466
    5.0600     0.2794     0.3393
    5.0700     0.2827     0.3320
    5.0800     0.2860     0.3247
    5.0900     0.2892     0.3173
    5.1000     0.2924     0.3099
    5.1100     0.2954     0.3025
    5.1200     0.2984     0.2951
    5.1300     0.3013     0.2876
    5.1400     0.3042     0.2801
    5.1500     0.3069     0.2727
    5.1600     0.3096     0.2651
    5.1700     0.3122     0.2576
    5.1800     0.3148     0.2501
    5.1900     0.3172     0.2425
    5.2000     0.3196     0.2350
    5.2100     0.3219     0.2274
    5.2200     0.3242     0.2198
    5.2300     0.3263     0.2122
    5.2400     0.3284     0.2046
    5.2500     0.3304     0.1970
    5.2600     0.3324     0.1895
    5.2700     0.3342     0.1819
    5.2800     0.3360     0.1743
    5.2900     0.3377     0.1667
    5.3000     0.3393     0.1591
    5.3100     0.3409     0.1515
    5.3200     0.3424     0.1439
    5.3300     0.3438     0.1364
    5.3400     0.3451     0.1288
    5.3500     0.3463     0.1213
    5.3600     0.3475     0.1138
    5.3700     0.3486     0.1062
    5.3800     0.3496     0.0988
    5.3900     0.3506     0.0913
    5.4000     0.3515     0.0838
    5.4100     0.3523     0.0764
    5.4200     0.3530     0.0690
    5.4300     0.3537     0.0616
    5.4400     0.3542     0.0542
    5.4500     0.3547     0.0469
    5.4600     0.3552     0.0395
    5.4700     0.3555     0.0323
    5.4800     0.3558     0.0250
    5.4900     0.3560     0.0178
    5.5000     0.3562     0.0106
    5.5100     0.3562     0.0034
    5.5200     0.3562    -0.0037
    5.5300     0.3562    -0.0108
    5.5400     0.3560    -0.0178
    5.5500     0.3558    -0.0249
    5.5600     0.3555    -0.0318
    5.5700     0.3552    -0.0388
    5.5800     0.3548    -0.0456
    5.5900     0.3543    -0.0525
    5.6000     0.3537    -0.0593
    5.6100     0.3531    -0.0660
    5.6200     0.3524    -0.0728
    5.6300     0.3516    -0.0794
    5.6400     0.3508    -0.0860
    5.6500     0.3499    -0.0926
    5.6600     0.3489    -0.0991
    5.6700     0.3479    -0.1055
    5.6800     0.3468    -0.1120
    5.6900     0.3457    -0.1183
    5.7000     0.3445    -0.1246
    5.7100     0.3432    -0.1308
    5.7200     0.3418    -0.1370
    5.7300     0.3404    -0.1431
    5.7400     0.3390    -0.1492
    5.7500     0.3375    -0.1552
    5.7600     0.3359    -0.1611
    5.7700     0.3342    -0.1670
    5.7800     0.3325    -0.1728
    5.7900     0.3308    -0.1786
    5.8000     0.3290    -0.1843
    5.8100     0.3271    -0.1899
    5.8200     0.3252    -0.1955
    5.8300     0.3232    -0.2010
    5.8400     0.3212    -0.2064
    5.8500     0.3191    -0.2118
    5.8600     0.3169    -0.2170
    5.8700     0.3147    -0.2223
    5.8800     0.3125    -0.2274
    5.8900     0.3102    -0.2325
    5.9000     0.3078    -0.2375
    5.9100     0.3054    -0.2424
    5.9200     0.3030    -0.2473
    5.9300     0.3005    -0.2521
    5.9400     0.2979    -0.2568
    5.9500     0.2953    -0.2614
    5.9600     0.2927    -0.2660
    5.9700     0.2900    -0.2705
    5.9800     0.2873    -0.2749
    5.9900     0.2845    -0.2792
    6.0000     0.2817    -0.2835
    6.0100     0.2789    -0.2876
    6.0200     0.2760    -0.2917
    6.0300     0.2730    -0.2958
    6.0400     0.2700    -0.2997
    6.0500     0.2670    -0.3036
    6.0600     0.2640    -0.3073
    6.0700     0.2609    -0.3111
    6.0800     0.2578    -0.3147
    6.0900     0.2546    -0.3182
    6.1000     0.2514    -0.3217
    6.1100     0.2482    -0.3251
    6.1200     0.2449    -0.3284
    6.1300     0.2416    -0.3316
    6.1400     0.2383    -0.3347
    6.1500     0.2349    -0.3377
    6.1600     0.2315    -0.3407
    6.1700     0.2281    -0.3436
    6.1800     0.2246    -0.3464
    6.1900     0.2212    -0.3491
    6.2000     0.2177    -0.3518
    6.2100     0.2141    -0.3543
    6.2200     0.2106    -0.3568
    6.2300     0.2070    -0.3592
    6.2400     0.2034    -0.3615
    6.2500     0.1998    -0.3637
    6.2600     0.1961    -0.3658
    6.2700     0.1924    -0.3679
    6.2800     0.1888    -0.3698
    6.2900     0.1850    -0.3717
    6.3000     0.1813    -0.3735
    6.3100     0.1776    -0.3752
    6.3200     0.1738    -0.3769
    6.3300     0.1700    -0.3784
    6.3401     0.1662    -0.3799
    6.3501     0.1624    -0.3813
    6.3601     0.1586    -0.3826
    6.3701     0.1548    -0.3838
    6.3801     0.1509    -0.3849
    6.3901     0.1471    -0.3860
    6.4001     0.1432    -0.3870
    6.4101     0.1393    -0.3878
    6.4201     0.1355    -0.3886
    6.4301     0.1316    -0.3894
    6.4401     0.1277    -0.3900
    6.4501     0.1238    -0.3906
    6.4601     0.1199    -0.3911
    6.4701     0.1160    -0.3915
    6.4801     0.1120    -0.3918
    6.4901     0.1081    -0.3920
    6.5001     0.1042    -0.3922
    6.5101     0.1003    -0.3923
    6.5201     0.0964    -0.3923
    6.5301     0.0924    -0.3922
    6.5401     0.0885    -0.3921
    6.5501     0.0846    -0.3918
    6.5601     0.0807    -0.3915
    6.5701     0.0768    -0.3911
    6.5801     0.0729    -0.3907
    6.5901     0.0689    -0.3901
    6.6001     0.0650    -0.3895
    6.6101     0.0612    -0.3889
    6.6201     0.0573    -0.3881
    6.6301     0.0534    -0.3873
    6.6401     0.0495    -0.3864
    6.6501     0.0457    -0.3854
    6.6601     0.0418    -0.3843
    6.6701     0.0380    -0.3832
    6.6801     0.0342    -0.3820
    6.6901     0.0303    -0.3808
    6.7001     0.0265    -0.3794
    6.7101     0.0228    -0.3780
    6.7201     0.0190    -0.3766
    6.7301     0.0152    -0.3750
    6.7401     0.0115    -0.3734
    6.7501     0.0078    -0.3717
    6.7601     0.0040    -0.3700
    6.7701     0.0004    -0.3682
    6.7801    -0.0033    -0.3663
    6.7901    -0.0070    -0.3644
    6.8001    -0.0106    -0.3624
    6.8101    -0.0142    -0.3604
    6.8201    -0.0178    -0.3582
    6.8301    -0.0214    -0.3561
    6.8401    -0.0249    -0.3538
    6.8501    -0.0285    -0.3515
    6.8601    -0.0320    -0.3492
    6.8701    -0.0354    -0.3468
    6.8801    -0.0389    -0.3443
    6.8901    -0.0423    -0.3418
    6.9001    -0.0457    -0.3392
    6.9101    -0.0491    -0.3365
    6.9201    -0.0525    -0.3338
    6.9301    -0.0558    -0.3311
    6.9401    -0.0591    -0.3283
    6.9501    -0.0624    -0.3255
    6.9601    -0.0656    -0.3226
    6.9701    -0.0688    -0.3196
    6.9801    -0.0720    -0.3166
    6.9901    -0.0751    -0.3136
    7.0001    -0.0783    -0.3105
    7.0101    -0.0813    -0.3073
    7.0201    -0.0844    -0.3041
    7.0301    -0.0874    -0.3009
    7.0401    -0.0904    -0.2976
    7.0501    -0.0934    -0.2943
    7.0601    -0.0963    -0.2910
    7.0701    -0.0992    -0.2876
    7.0801    -0.1021    -0.2841
    7.0901    -0.1049    -0.2806
    7.1001    -0.1077    -0.2771
    7.1101    -0.1104    -0.2736
    7.1201    -0.1131    -0.2700
    7.1301    -0.1158    -0.2663
    7.1401    -0.1185    -0.2627
    7.1501    -0.1211    -0.2590
    7.1601    -0.1237    -0.2552
    7.1701    -0.1262    -0.2515
    7.1801    -0.1287    -0.2477
    7.1901    -0.1311    -0.2438
    7.2001    -0.1336    -0.2400
    7.2101    -0.1359    -0.2361
    7.2201    -0.1383    -0.2322
    7.2301    -0.1406    -0.2282
    7.2401    -0.1428    -0.2243
    7.2501    -0.1451    -0.2203
    7.2601    -0.1473    -0.2163
    7.2701    -0.1494    -0.2122
    7.2801    -0.1515    -0.2082
    7.2901    -0.1536    -0.2041
    7.3001    -0.1556    -0.2000
    7.3101    -0.1576    -0.1959
    7.3201    -0.1595    -0.1917
    7.3301    -0.1614    -0.1876
    7.3401    -0.1632    -0.1834
    7.3501    -0.1651    -0.1792
    7.3601    -0.1668    -0.1750
    7.3701    -0.1686    -0.1708
    7.3801    -0.1702    -0.1666
    7.3901    -0.1719    -0.1623
    7.4001    -0.1735    -0.1581
    7.4101    -0.1751    -0.1538
    7.4201    -0.1766    -0.1495
    7.4301    -0.1780    -0.1452
    7.4401    -0.1795    -0.1409
    7.4501    -0.1809    -0.1367
    7.4601    -0.1822    -0.1323
    7.4701    -0.1835    -0.1280
    7.4801    -0.1848    -0.1237
    7.4901    -0.1860    -0.1194
    7.5001    -0.1872    -0.1151
    7.5101    -0.1883    -0.1108
    7.5201    -0.1894    -0.1065
    7.5301    -0.1904    -0.1021
    7.5401    -0.1914    -0.0978
    7.5501    -0.1924    -0.0935
    7.5601    -0.1933    -0.0892
    7.5701    -0.1942    -0.0849
    7.5801    -0.1950    -0.0806
    7.5901    -0.1958    -0.0763
    7.6001    -0.1965    -0.0720
    7.6101    -0.1972    -0.0677
    7.6201    -0.1979    -0.0634
    7.6301    -0.1985    -0.0591
    7.6401    -0.1990    -0.0549
    7.6501    -0.1996    -0.0506
    7.6601    -0.2001    -0.0464
    7.6701    -0.2005    -0.0422
    7.6801    -0.2009    -0.0380
    7.6901    -0.2013    -0.0338
    7.7001    -0.2016    -0.0296
    7.7101    -0.2018    -0.0254
    7.7201    -0.2021    -0.0212
    7.7301    -0.2023    -0.0171
    7.7401    -0.2024    -0.0130
    7.7501    -0.2025    -0.0089
    7.7601    -0.2026    -0.0048
    7.7701    -0.2026    -0.0007
    7.7801    -0.2026     0.0033
    7.7901    -0.2026     0.0073
    7.8001    -0.2025     0.0114
    7.8101    -0.2023     0.0153
    7.8201    -0.2022     0.0193
    7.8301    -0.2020     0.0232
    7.8401    -0.2017     0.0271
    7.8501    -0.2014     0.0310
    7.8601    -0.2011     0.0349
    7.8701    -0.2007     0.0387
    7.8801    -0.2003     0.0425
    7.8901    -0.1999     0.0463
    7.9001    -0.1994     0.0501
    7.9101    -0.1989     0.0538
    7.9201    -0.1983     0.0575
    7.9301    -0.1977     0.0611
    7.9401    -0.1971     0.0648
    7.9501    -0.1964     0.0684
    7.9601    -0.1957     0.0719
    7.9701    -0.1950     0.0755
    7.9801    -0.1942     0.0790
    7.9901    -0.1934     0.0825
    8.0001    -0.1926     0.0859
    8.0101    -0.1917     0.0893
    8.0201    -0.1908     0.0927
    8.0301    -0.1898     0.0960
    8.0401    -0.1888     0.0993
    8.0501    -0.1878     0.1026
    8.0601    -0.1868     0.1058
    8.0701    -0.1857     0.1090
    8.0801    -0.1846     0.1121
    8.0901    -0.1835     0.1152
    8.1001    -0.1823     0.1183
    8.1101    -0.1811     0.1214
    8.1201    -0.1799     0.1243
    8.1301    -0.1786     0.1273
    8.1401    -0.1773     0.1302
    8.1501    -0.1760     0.1331
    8.1601    -0.1747     0.1359
    8.1701    -0.1733     0.1387
    8.1801    -0.1719     0.1415
    8.1901    -0.1705     0.1442
    8.2001    -0.1690     0.1469
    8.2101    -0.1675     0.1495
    8.2201    -0.1660     0.1521
    8.2301    -0.1645     0.1546
    8.2401    -0.1629     0.1571
    8.2501    -0.1614     0.1595
    8.2601    -0.1597     0.1620
    8.2701    -0.1581     0.1643
    8.2801    -0.1565     0.1666
    8.2901    -0.1548     0.1689
    8.3001    -0.1531     0.1711
    8.3101    -0.1514     0.1733
    8.3201    -0.1496     0.1755
    8.3301    -0.1479     0.1775
    8.3401    -0.1461     0.1796
    8.3501    -0.1443     0.1816
    8.3601    -0.1424     0.1835
    8.3701    -0.1406     0.1855
    8.3801    -0.1387     0.1873
    8.3901    -0.1368     0.1891
    8.4001    -0.1349     0.1909
    8.4101    -0.1330     0.1926
    8.4201    -0.1311     0.1943
    8.4301    -0.1291     0.1959
    8.4401    -0.1272     0.1975
    8.4501    -0.1252     0.1990
    8.4601    -0.1232     0.2005
    8.4701    -0.1212     0.2020
    8.4801    -0.1192     0.2033
    8.4901    -0.1171     0.2047
    8.5001    -0.1151     0.2060
    8.5101    -0.1130     0.2072
    8.5201    -0.1109     0.2084
    8.5301    -0.1088     0.2096
    8.5401    -0.1067     0.2107
    8.5501    -0.1046     0.2117
    8.5601    -0.1025     0.2128
    8.5701    -0.1004     0.2137
    8.5801    -0.0982     0.2146
    8.5901    -0.0961     0.2155
    8.6001    -0.0939     0.2163
    8.6101    -0.0917     0.2171
    8.6201    -0.0896     0.2178
    8.6301    -0.0874     0.2185
    8.6401    -0.0852     0.2191
    8.6501    -0.0830     0.2197
    8.6601    -0.0808     0.2203
    8.6701    -0.0786     0.2207
    8.6801    -0.0764     0.2212
    8.6901    -0.0742     0.2216
    8.7001    -0.0720     0.2219
    8.7101    -0.0697     0.2222
    8.7201    -0.0675     0.2225
    8.7301    -0.0653     0.2227
    8.7401    -0.0631     0.2229
    8.7501    -0.0608     0.2230
    8.7601    -0.0586     0.2231
    8.7701    -0.0564     0.2231
    8.7801    -0.0541     0.2231
    8.7901    -0.0519     0.2231
    8.8001    -0.0497     0.2230
    8.8101    -0.0474     0.2228
    8.8201    -0.0452     0.2226
    8.8301    -0.0430     0.2224
    8.8401    -0.0408     0.2221
    8.8501    -0.0385     0.2218
    8.8601    -0.0363     0.2215
    8.8701    -0.0341     0.2211
    8.8801    -0.0319     0.2206
    8.8901    -0.0297     0.2201
    8.9001    -0.0275     0.2196
    8.9101    -0.0253     0.2190
    8.9201    -0.0231     0.2184
    8.9301    -0.0209     0.2178
    8.9401    -0.0188     0.2171
    8.9501    -0.0166     0.2163
    8.9601    -0.0144     0.2156
    8.9701    -0.0123     0.2148
    8.9801    -0.0102     0.2139
    8.9901    -0.0080     0.2130
    9.0001    -0.0059     0.2121
    9.0101    -0.0038     0.2112
    9.0201    -0.0017     0.2102
    9.0301     0.0004     0.2091
    9.0401     0.0025     0.2080
    9.0501     0.0046     0.2069
    9.0601     0.0067     0.2058
    9.0701     0.0087     0.2046
    9.0801     0.0107     0.2034
    9.0901     0.0128     0.2021
    9.1001     0.0148     0.2009
    9.1101     0.0168     0.1995
    9.1201     0.0188     0.1982
    9.1301     0.0208     0.1968
    9.1401     0.0227     0.1954
    9.1501     0.0247     0.1940
    9.1601     0.0266     0.1925
    9.1701     0.0285     0.1910
    9.1801     0.0304     0.1894
    9.1901     0.0323     0.1879
    9.2001     0.0342     0.1863
    9.2101     0.0360     0.1846
    9.2201     0.0379     0.1830
    9.2301     0.0397     0.1813
    9.2401     0.0415     0.1796
    9.2501     0.0433     0.1778
    9.2601     0.0450     0.1761
    9.2701     0.0468     0.1743
    9.2801     0.0485     0.1724
    9.2901     0.0502     0.1706
    9.3001     0.0519     0.1687
    9.3101     0.0536     0.1668
    9.3201     0.0553     0.1649
    9.3301     0.0569     0.1630
    9.3401     0.0585     0.1610
    9.3501     0.0601     0.1590
    9.3601     0.0617     0.1570
    9.3701     0.0633     0.1550
    9.3801     0.0648     0.1529
    9.3901     0.0663     0.1509
    9.4001     0.0678     0.1488
    9.4101     0.0693     0.1467
    9.4201     0.0708     0.1445
    9.4301     0.0722     0.1424
    9.4401     0.0736     0.1402
    9.4501     0.0750     0.1380
    9.4601     0.0764     0.1358
    9.4701     0.0777     0.1336
    9.4801     0.0790     0.1314
    9.4901     0.0804     0.1291
    9.5001     0.0816     0.1269
    9.5101     0.0829     0.1246
    9.5201     0.0841     0.1223
    9.5301     0.0853     0.1200
    9.5401     0.0865     0.1177
    9.5501     0.0877     0.1154
    9.5601     0.0888     0.1131
    9.5701     0.0900     0.1107
    9.5801     0.0910     0.1083
    9.5901     0.0921     0.1060
    9.6001     0.0932     0.1036
    9.6101     0.0942     0.1012
    9.6201     0.0952     0.0988
    9.6301     0.0962     0.0964
    9.6401     0.0971     0.0940
    9.6501     0.0980     0.0916
    9.6601     0.0990     0.0892
    9.6701     0.0998     0.0867
    9.6801     0.1007     0.0843
    9.6901     0.1015     0.0819
    9.7001     0.1023     0.0794
    9.7101     0.1031     0.0770
    9.7201     0.1039     0.0745
    9.7301     0.1046     0.0721
    9.7401     0.1053     0.0696
    9.7501     0.1060     0.0672
    9.7601     0.1066     0.0647
    9.7701     0.1073     0.0623
    9.7801     0.1079     0.0598
    9.7901     0.1085     0.0574
    9.8001     0.1090     0.0549
    9.8101     0.1096     0.0524
    9.8201     0.1101     0.0500
    9.8301     0.1106     0.0475
    9.8401     0.1110     0.0451
    9.8501     0.1115     0.0426
    9.8601     0.1119     0.0402
    9.8701     0.1123     0.0378
    9.8801     0.1126     0.0353
    9.8901     0.1130     0.0329
    9.9001     0.1133     0.0305
    9.9101     0.1136     0.0281
    9.9201     0.1139     0.0257
    9.9301     0.1141     0.0233
    9.9401     0.1143     0.0209
    9.9501     0.1145     0.0185
    9.9601     0.1147     0.0161
    9.9701     0.1149     0.0137
    9.9801     0.1150     0.0114
    9.9901     0.1151     0.0090
   10.0001     0.1152     0.0067
   10.0101     0.1152     0.0043
   10.0201     0.1152     0.0020
   10.0301     0.1153    -0.0003
   10.0401     0.1152    -0.0026
   10.0501     0.1152    -0.0049
   10.0601     0.1151    -0.0071
   10.0701     0.1151    -0.0094
   10.0801     0.1150    -0.0116
   10.0901     0.1148    -0.0139
   10.1001     0.1147    -0.0161
   10.1101     0.1145    -0.0183
   10.1201     0.1143    -0.0205
   10.1301     0.1141    -0.0227
   10.1401     0.1139    -0.0248
   10.1501     0.1136    -0.0270
   10.1601     0.1133    -0.0291
   10.1701     0.1130    -0.0312
   10.1801     0.1127    -0.0333
   10.1901     0.1123    -0.0354
   10.2001     0.1120    -0.0375
   10.2101     0.1116    -0.0395
   10.2201     0.1112    -0.0415
   10.2301     0.1108    -0.0435
   10.2401     0.1103    -0.0455
   10.2501     0.1099    -0.0475
   10.2601     0.1094    -0.0494
   10.2701     0.1089    -0.0514
   10.2801     0.1083    -0.0533
   10.2901     0.1078    -0.0552
   10.3001     0.1072    -0.0570
   10.3101     0.1067    -0.0589
   10.3201     0.1061    -0.0607
   10.3301     0.1054    -0.0625
   10.3401     0.1048    -0.0643
   10.3501     0.1042    -0.0661
   10.3601     0.1035    -0.0678
   10.3701     0.1028    -0.0695
   10.3801     0.1021    -0.0712
   10.3901     0.1014    -0.0729
   10.4001     0.1006    -0.0746
   10.4101     0.0999    -0.0762
   10.4201     0.0991    -0.0778
   10.4301     0.0983    -0.0794
   10.4401     0.0975    -0.0809
   10.4501     0.0967    -0.0825
   10.4601     0.0959    -0.0840
   10.4701     0.0950    -0.0855
   10.4801     0.0942    -0.0869
   10.4901     0.0933    -0.0884
   10.5001     0.0924    -0.0898
   10.5101     0.0915    -0.0912
   10.5201     0.0906    -0.0925
   10.5301     0.0897    -0.0939
   10.5401     0.0887    -0.0952
   10.5501     0.0877    -0.0965
   10.5601     0.0868    -0.0977
   10.5701     0.0858    -0.0990
   10.5801     0.0848    -0.1002
   10.5901     0.0838    -0.1013
   10.6001     0.0828    -0.1025
   10.6101     0.0817    -0.1036
   10.6201     0.0807    -0.1047
   10.6301     0.0796    -0.1058
   10.6401     0.0786    -0.1069
   10.6501     0.0775    -0.1079
   10.6601     0.0764    -0.1089
   10.6701     0.0753    -0.1099
   10.6801     0.0742    -0.1108
   10.6901     0.0731    -0.1117
   10.7001     0.0720    -0.1126
   10.7101     0.0709    -0.1135
   10.7201     0.0697    -0.1143
   10.7302     0.0686    -0.1151
   10.7402     0.0674    -0.1159
   10.7502     0.0663    -0.1166
   10.7602     0.0651    -0.1174
   10.7702     0.0639    -0.1181
   10.7802     0.0627    -0.1188
   10.7902     0.0615    -0.1194
   10.8002     0.0603    -0.1200
   10.8102     0.0591    -0.1206
   10.8202     0.0579    -0.1212
   10.8302     0.0567    -0.1217
   10.8402     0.0555    -0.1222
   10.8502     0.0543    -0.1227
   10.8602     0.0530    -0.1232
   10.8702     0.0518    -0.1236
   10.8802     0.0506    -0.1240
   10.8902     0.0493    -0.1244
   10.9002     0.0481    -0.1247
   10.9102     0.0468    -0.1251
   10.9202     0.0456    -0.1254
   10.9302     0.0443    -0.1256
   10.9402     0.0431    -0.1259
   10.9502     0.0418    -0.1261
   10.9602     0.0405    -0.1263
   10.9702     0.0393    -0.1265
   10.9802     0.0380    -0.1266
   10.9902     0.0368    -0.1267
   11.0002     0.0355    -0.1268
   11.0102     0.0342    -0.1269
   11.0202     0.0329    -0.1269
   11.0302     0.0317    -0.1269
   11.0402     0.0304    -0.1269
   11.0502     0.0291    -0.1269
   11.0602     0.0279    -0.1268
   11.0702     0.0266    -0.1267
   11.0802     0.0253    -0.1266
   11.0902     0.0241    -0.1265
   11.1002     0.0228    -0.1263
   11.1102     0.0215    -0.1261
   11.1202     0.0203    -0.1259
   11.1302     0.0190    -0.1257
   11.1402     0.0178    -0.1254
   11.1502     0.0165    -0.1251
   11.1602     0.0153    -0.1248
   11.1702     0.0140    -0.1245
   11.1802     0.0128    -0.1241
   11.1902     0.0115    -0.1237
   11.2002     0.0103    -0.1233
   11.2102     0.0091    -0.1229
   11.2202     0.0078    -0.1225
   11.2302     0.0066    -0.1220
   11.2402     0.0054    -0.1215
   11.2502     0.0042    -0.1210
   11.2602     0.0030    -0.1205
   11.2702     0.0018    -0.1199
   11.2802     0.0006    -0.1194
   11.2902    -0.0006    -0.1188
   11.3002    -0.0018    -0.1181
   11.3102    -0.0030    -0.1175
   11.3202    -0.0041    -0.1169
   11.3302    -0.0053    -0.1162
   11.3402    -0.0065    -0.1155
   11.3502    -0.0076    -0.1148
   11.3602    -0.0088    -0.1140
   11.3702    -0.0099    -0.1133
   11.3802    -0.0110    -0.1125
   11.3902    -0.0121    -0.1117
   11.4002    -0.0133    -0.1109
   11.4102    -0.0144    -0.1101
   11.4202    -0.0155    -0.1092
   11.4302    -0.0165    -0.1084
   11.4402    -0.0176    -0.1075
   11.4502    -0.0187    -0.1066
   11.4602    -0.0198    -0.1057
   11.4702    -0.0208    -0.1047
   11.4802    -0.0218    -0.1038
   11.4902    -0.0229    -0.1028
   11.5002    -0.0239    -0.1018
   11.5102    -0.0249    -0.1008
   11.5202    -0.0259    -0.0998
   11.5302    -0.0269    -0.0988
   11.5402    -0.0279    -0.0978
   11.5502    -0.0289    -0.0967
   11.5602    -0.0298    -0.0956
   11.5702    -0.0308    -0.0946
   11.5802    -0.0317    -0.0935
   11.5902    -0.0327    -0.0924
   11.6002    -0.0336    -0.0912
   11.6102    -0.0345    -0.0901
   11.6202    -0.0354    -0.0890
   11.6302    -0.0363    -0.0878
   11.6402    -0.0371    -0.0866
   11.6502    -0.0380    -0.0855
   11.6602    -0.0388    -0.0843
   11.6702    -0.0397    -0.0831
   11.6802    -0.0405    -0.0818
   11.6902    -0.0413    -0.0806
   11.7002    -0.0421    -0.0794
   11.7102    -0.0429    -0.0781
   11.7202    -0.0437    -0.0769
   11.7302    -0.0444    -0.0756
   11.7402    -0.0452    -0.0744
   11.7502    -0.0459    -0.0731
   11.7602    -0.0466    -0.0718
   11.7702    -0.0474    -0.0705
   11.7802    -0.0481    -0.0692
   11.7902    -0.0487    -0.0679
   11.8002    -0.0494    -0.0666
   11.8102    -0.0501    -0.0652
   11.8202    -0.0507    -0.0639
   11.8302    -0.0514    -0.0626
   11.8402    -0.0520    -0.0612
   11.8502    -0.0526    -0.0599
   11.8602    -0.0532    -0.0585
   11.8702    -0.0537    -0.0572
   11.8802    -0.0543    -0.0558
   11.8902    -0.0549    -0.0544
   11.9002    -0.0554    -0.0531
   11.9102    -0.0559    -0.0517
   11.9202    -0.0564    -0.0503
   11.9302    -0.0569    -0.0489
   11.9402    -0.0574    -0.0475
   11.9502    -0.0579    -0.0462
   11.9602    -0.0583    -0.0448
   11.9702    -0.0588    -0.0434
   11.9802    -0.0592    -0.0420
   11.9902    -0.0596    -0.0406
   12.0002    -0.0600    -0.0392
   12.0102    -0.0604    -0.0378
   12.0202    -0.0608    -0.0364
   12.0302    -0.0611    -0.0350
   12.0402    -0.0615    -0.0336
   12.0502    -0.0618    -0.0322
   12.0602    -0.0621    -0.0308
   12.0702    -0.0624    -0.0294
   12.0802    -0.0627    -0.0280
   12.0902    -0.0630    -0.0266
   12.1002    -0.0632    -0.0252
   12.1102    -0.0635    -0.0238
   12.1202    -0.0637    -0.0225
   12.1302    -0.0639    -0.0211
   12.1402    -0.0641    -0.0197
   12.1502    -0.0643    -0.0183
   12.1602    -0.0645    -0.0169
   12.1702    -0.0647    -0.0156
   12.1802    -0.0648    -0.0142
   12.1902    -0.0649    -0.0128
   12.2002    -0.0651    -0.0115
   12.2102    -0.0652    -0.0101
   12.2202    -0.0653    -0.0088
   12.2302    -0.0653    -0.0074
   12.2402    -0.0654    -0.0061
   12.2502    -0.0655    -0.0047
   12.2602    -0.0655    -0.0034
   12.2702    -0.0655    -0.0021
   12.2802    -0.0656    -0.0008
   12.2902    -0.0656     0.0006
   12.3002    -0.0655     0.0019
   12.3102    -0.0655     0.0032
   12.3202    -0.0655     0.0044
   12.3302    -0.0654     0.0057
   12.3402    -0.0654     0.0070
   12.3502    -0.0653     0.0083
   12.3602    -0.0652     0.0095
   12.3702    -0.0651     0.0108
   12.3802    -0.0650     0.0120
   12.3902    -0.0649     0.0133
   12.4002    -0.0647     0.0145
   12.4102    -0.0646     0.0157
   12.4202    -0.0644     0.0169
   12.4302    -0.0642     0.0181
   12.4402    -0.0640     0.0193
   12.4502    -0.0638     0.0205
   12.4602    -0.0636     0.0217
   12.4702    -0.0634     0.0228
   12.4802    -0.0632     0.0240
   12.4902    -0.0629     0.0251
   12.5002    -0.0627     0.0262
   12.5102    -0.0624     0.0273
   12.5202    -0.0621     0.0285
   12.5302    -0.0618     0.0295
   12.5402    -0.0615     0.0306
   12.5502    -0.0612     0.0317
   12.5602    -0.0609     0.0328
   12.5702    -0.0606     0.0338
   12.5802    -0.0602     0.0348
   12.5902    -0.0599     0.0359
   12.6002    -0.0595     0.0369
   12.6102    -0.0591     0.0379
   12.6202    -0.0587     0.0389
   12.6302    -0.0584     0.0398
   12.6402    -0.0580     0.0408
   12.6502    -0.0575     0.0418
   12.6602    -0.0571     0.0427
   12.6702    -0.0567     0.0436
   12.6802    -0.0562     0.0445
   12.6902    -0.0558     0.0454
   12.7002    -0.0553     0.0463
   12.7102    -0.0549     0.0472
   12.7202    -0.0544     0.0480
   12.7302    -0.0539     0.0489
   12.7402    -0.0534     0.0497
   12.7502    -0.0529     0.0505
   12.7602    -0.0524     0.0513
   12.7702    -0.0519     0.0521
   12.7802    -0.0514     0.0529
   12.7902    -0.0508     0.0536
   12.8002    -0.0503     0.0544
   12.8102    -0.0497     0.0551
   12.8202    -0.0492     0.0558
   12.8302    -0.0486     0.0565
   12.8402    -0.0481     0.0572
   12.8502    -0.0475     0.0578
   12.8602    -0.0469     0.0585
   12.8702    -0.0463     0.0591
   12.8802    -0.0457     0.0598
   12.8902    -0.0451     0.0604
   12.9002    -0.0445     0.0610
   12.9102    -0.0439     0.0615
   12.9202    -0.0433     0.0621
   12.9302    -0.0427     0.0626
   12.9402    -0.0420     0.0632
   12.9502    -0.0414     0.0637
   12.9602    -0.0408     0.0642
   12.9702    -0.0401     0.0647
   12.9802    -0.0395     0.0652
   12.9902    -0.0388     0.0656
   13.0002    -0.0382     0.0661
   13.0102    -0.0375     0.0665
   13.0202    -0.0368     0.0669
   13.0302    -0.0362     0.0673
   13.0402    -0.0355     0.0677
   13.0502    -0.0348     0.0680
   13.0602    -0.0341     0.0684
   13.0702    -0.0334     0.0687
   13.0802    -0.0327     0.0690
   13.0902    -0.0321     0.0693
   13.1002    -0.0314     0.0696
   13.1102    -0.0307     0.0699
   13.1202    -0.0300     0.0701
   13.1302    -0.0293     0.0704
   13.1402    -0.0286     0.0706
   13.1502    -0.0278     0.0708
   13.1602    -0.0271     0.0710
   13.1702    -0.0264     0.0712
   13.1802    -0.0257     0.0714
   13.1902    -0.0250     0.0715
   13.2002    -0.0243     0.0716
   13.2102    -0.0236     0.0718
   13.2202    -0.0228     0.0719
   13.2302    -0.0221     0.0720
   13.2402    -0.0214     0.0720
   13.2502    -0.0207     0.0721
   13.2602    -0.0200     0.0721
   13.2702    -0.0192     0.0722
   13.2802    -0.0185     0.0722
   13.2902    -0.0178     0.0722
   13.3002    -0.0171     0.0722
   13.3102    -0.0164     0.0721
   13.3202    -0.0156     0.0721
   13.3302    -0.0149     0.0721
   13.3402    -0.0142     0.0720
   13.3502    -0.0135     0.0719
   13.3602    -0.0128     0.0718
   13.3702    -0.0120     0.0717
   13.3802    -0.0113     0.0716
   13.3902    -0.0106     0.0714
   13.4002    -0.0099     0.0713
   13.4102    -0.0092     0.0711
   13.4202    -0.0085     0.0709
   13.4302    -0.0078     0.0707
   13.4402    -0.0071     0.0705
   13.4502    -0.0064     0.0703
   13.4602    -0.0057     0.0701
   13.4702    -0.0050     0.0698
   13.4802    -0.0043     0.0696
   13.4902    -0.0036     0.0693
   13.5002    -0.0029     0.0690
   13.5102    -0.0022     0.0687
   13.5202    -0.0015     0.0684
   13.5302    -0.0008     0.0681
   13.5402    -0.0001     0.0678
   13.5502     0.0005     0.0674
   13.5602     0.0012     0.0671
   13.5702     0.0019     0.0667
   13.5802     0.0026     0.0663
   13.5902     0.0032     0.0660
   13.6002     0.0039     0.0656
   13.6102     0.0045     0.0651
   13.6202     0.0052     0.0647
   13.6302     0.0058     0.0643
   13.6402     0.0065     0.0639
   13.6502     0.0071     0.0634
   13.6602     0.0077     0.0629
   13.6702     0.0084     0.0625
   13.6802     0.0090     0.0620
   13.6902     0.0096     0.0615
   13.7002     0.0102     0.0610
   13.7102     0.0108     0.0605
   13.7202     0.0114     0.0599
   13.7302     0.0120     0.0594
   13.7402     0.0126     0.0589
   13.7502     0.0132     0.0583
   13.7602     0.0138     0.0578
   13.7702     0.0143     0.0572
   13.7802     0.0149     0.0566
   13.7902     0.0155     0.0560
   13.8002     0.0160     0.0554
   13.8102     0.0166     0.0548
   13.8202     0.0171     0.0542
   13.8302     0.0177     0.0536
   13.8402     0.0182     0.0530
   13.8502     0.0187     0.0523
   13.8602     0.0193     0.0517
   13.8702     0.0198     0.0511
   13.8802     0.0203     0.0504
   13.8902     0.0208     0.0497
   13.9002     0.0213     0.0491
   13.9102     0.0218     0.0484
   13.9202     0.0222     0.0477
   13.9302     0.0227     0.0470
   13.9402     0.0232     0.0463
   13.9502     0.0236     0.0456
   13.9602     0.0241     0.0449
   13.9702     0.0245     0.0442
   13.9802     0.0250     0.0435
   13.9902     0.0254     0.0428
   14.0002     0.0258     0.0421
   14.0102     0.0262     0.0413
   14.0202     0.0267     0.0406
   14.0302     0.0271     0.0399
   14.0402     0.0275     0.0391
   14.0502     0.0278     0.0384
   14.0602     0.0282     0.0376
   14.0702     0.0286     0.0369
   14.0802     0.0290     0.0361
   14.0902     0.0293     0.0354
   14.1002     0.0297     0.0346
   14.1102     0.0300     0.0338
   14.1202     0.0303     0.0331
   14.1302     0.0307     0.0323
   14.1402     0.0310     0.0315
   14.1502     0.0313     0.0307
   14.1602     0.0316     0.0299
   14.1702     0.0319     0.0292
   14.1802     0.0322     0.0284
   14.1902     0.0325     0.0276
   14.2002     0.0327     0.0268
   14.2102     0.0330     0.0260
   14.2202     0.0333     0.0252
   14.2302     0.0335     0.0244
   14.2402     0.0337     0.0236
   14.2502     0.0340     0.0228
   14.2602     0.0342     0.0221
   14.2702     0.0344     0.0213
   14.2802     0.0346     0.0205
   14.2902     0.0348     0.0197
   14.3002     0.0350     0.0189
   14.3102     0.0352     0.0181
   14.3202     0.0354     0.0173
   14.3302     0.0356     0.0165
   14.3402     0.0357     0.0157
   14.3502     0.0359     0.0149
   14.3602     0.0360     0.0141
   14.3702     0.0361     0.0133
   14.3802     0.0363     0.0125
   14.3902     0.0364     0.0117
   14.4002     0.0365     0.0110
   14.4102     0.0366     0.0102
   14.4202     0.0367     0.0094
   14.4302     0.0368     0.0086
   14.4402     0.0369     0.0078
   14.4502     0.0370     0.0071
   14.4602     0.0370     0.0063
   14.4702     0.0371     0.0055
   14.4802     0.0371     0.0047
   14.4902     0.0372     0.0040
   14.5002     0.0372     0.0032
   14.5102     0.0372     0.0025
   14.5202     0.0373     0.0017
   14.5302     0.0373     0.0010
   14.5402     0.0373     0.0002
   14.5502     0.0373    -0.0005
   14.5602     0.0373    -0.0013
   14.5702     0.0373    -0.0020
   14.5802     0.0372    -0.0028
   14.5902     0.0372    -0.0035
   14.6002     0.0372    -0.0042
   14.6102     0.0371    -0.0049
   14.6202     0.0371    -0.0056
   14.6302     0.0370    -0.0064
   14.6402     0.0369    -0.0071
   14.6502     0.0369    -0.0078
   14.6602     0.0368    -0.0085
   14.6702     0.0367    -0.0091
   14.6802     0.0366    -0.0098
   14.6902     0.0365    -0.0105
   14.7002     0.0364    -0.0112
   14.7102     0.0363    -0.0119
   14.7202     0.0362    -0.0125
   14.7302     0.0360    -0.0132
   14.7402     0.0359    -0.0138
   14.7502     0.0358    -0.0145
   14.7602     0.0356    -0.0151
   14.7702     0.0354    -0.0157
   14.7802     0.0353    -0.0164
   14.7902     0.0351    -0.0170
   14.8002     0.0349    -0.0176
   14.8102     0.0348    -0.0182
   14.8202     0.0346    -0.0188
   14.8302     0.0344    -0.0194
   14.8402     0.0342    -0.0200
   14.8502     0.0340    -0.0206
   14.8602     0.0338    -0.0212
   14.8702     0.0336    -0.0217
   14.8802     0.0333    -0.0223
   14.8902     0.0331    -0.0228
   14.9002     0.0329    -0.0234
   14.9102     0.0327    -0.0239
   14.9202     0.0324    -0.0244
   14.9302     0.0322    -0.0250
   14.9402     0.0319    -0.0255
   14.9502     0.0317    -0.0260
   14.9602     0.0314    -0.0265
   14.9702     0.0311    -0.0270
   14.9802     0.0309    -0.0275
   14.9902     0.0306    -0.0279
   15.0002     0.0303    -0.0284
   15.0102     0.0300    -0.0289
   15.0202     0.0297    -0.0293
   15.0302     0.0294    -0.0298
   15.0402     0.0291    -0.0302
   15.0502     0.0288    -0.0306
   15.0602     0.0285    -0.0310
   15.0702     0.0282    -0.0315
   15.0802     0.0279    -0.0319
   15.0903     0.0276    -0.0322
   15.1003     0.0272    -0.0326
   15.1103     0.0269    -0.0330
   15.1203     0.0266    -0.0334
   15.1303     0.0262    -0.0337
   15.1403     0.0259    -0.0341
   15.1503     0.0256    -0.0344
   15.1603     0.0252    -0.0348
   15.1703     0.0249    -0.0351
   15.1803     0.0245    -0.0354
   15.1903     0.0242    -0.0357
   15.2003     0.0238    -0.0360
   15.2103     0.0234    -0.0363
   15.2203     0.0231    -0.0366
   15.2303     0.0227    -0.0369
   15.2403     0.0223    -0.0371
   15.2503     0.0220    -0.0374
   15.2603     0.0216    -0.0376
   15.2703     0.0212    -0.0379
   15.2803     0.0208    -0.0381
   15.2903     0.0204    -0.0383
   15.3003     0.0201    -0.0385
   15.3103     0.0197    -0.0388
   15.3203     0.0193    -0.0389
   15.3303     0.0189    -0.0391
   15.3403     0.0185    -0.0393
   15.3503     0.0181    -0.0395
   15.3603     0.0177    -0.0396
   15.3703     0.0173    -0.0398
   15.3803     0.0169    -0.0399
   15.3903     0.0165    -0.0401
   15.4003     0.0161    -0.0402
   15.4103     0.0157    -0.0403
   15.4203     0.0153    -0.0404
   15.4303     0.0149    -0.0405
   15.4403     0.0145    -0.0406
   15.4503     0.0141    -0.0407
   15.4603     0.0137    -0.0408
   15.4703     0.0133    -0.0408
   15.4803     0.0129    -0.0409
   15.4903     0.0125    -0.0409
   15.5003     0.0121    -0.0410
   15.5103     0.0116    -0.0410
   15.5203     0.0112    -0.0410
   15.5303     0.0108    -0.0411
   15.5403     0.0104    -0.0411
   15.5503     0.0100    -0.0411
   15.5603     0.0096    -0.0410
   15.5703     0.0092    -0.0410
   15.5803     0.0088    -0.0410
   15.5903     0.0084    -0.0410
   15.6003     0.0080    -0.0409
   15.6103     0.0075    -0.0409
   15.6203     0.0071    -0.0408
   15.6303     0.0067    -0.0408
   15.6403     0.0063    -0.0407
   15.6503     0.0059    -0.0406
   15.6603     0.0055    -0.0405
   15.6703     0.0051    -0.0404
   15.6803     0.0047    -0.0403
   15.6903     0.0043    -0.0402
   15.7003     0.0039    -0.0401
   15.7103     0.0035    -0.0400
   15.7203     0.0031    -0.0398
   15.7303     0.0027    -0.0397
   15.7403     0.0023    -0.0395
   15.7503     0.0019    -0.0394
   15.7603     0.0015    -0.0392
   15.7703     0.0011    -0.0390
   15.7803     0.0007    -0.0389
   15.7903     0.0003    -0.0387
   15.8003    -0.0000    -0.0385
   15.8103    -0.0004    -0.0383
   15.8203    -0.0008    -0.0381
   15.8303    -0.0012    -0.0379
   15.8403    -0.0016    -0.0377
   15.8503    -0.0019    -0.0374
   15.8603    -0.0023    -0.0372
   15.8703    -0.0027    -0.0370
   15.8803    -0.0031    -0.0367
   15.8903    -0.0034    -0.0365
   15.9003    -0.0038    -0.0362
   15.9103    -0.0041    -0.0360
   15.9203    -0.0045    -0.0357
   15.9303    -0.0049    -0.0354
   15.9403    -0.0052    -0.0352
   15.9503    -0.0056    -0.0349
   15.9603    -0.0059    -0.0346
   15.9703    -0.0063    -0.0343
   15.9803    -0.0066    -0.0340
   15.9903    -0.0069    -0.0337
   16.0003    -0.0073    -0.0334
   16.0103    -0.0076    -0.0331
   16.0203    -0.0079    -0.0328
   16.0303    -0.0083    -0.0324
   16.0403    -0.0086    -0.0321
   16.0503    -0.0089    -0.0318
   16.0603    -0.0092    -0.0314
   16.0703    -0.0095    -0.0311
   16.0803    -0.0098    -0.0307
   16.0903    -0.0101    -0.0304
   16.1003    -0.0104    -0.0300
   16.1103    -0.0107    -0.0297
   16.1203    -0.0110    -0.0293
   16.1303    -0.0113    -0.0289
   16.1403    -0.0116    -0.0286
   16.1503    -0.0119    -0.0282
   16.1603    -0.0122    -0.0278
   16.1703    -0.0125    -0.0274
   16.1803    -0.0127    -0.0270
   16.1903    -0.0130    -0.0266
   16.2003    -0.0133    -0.0262
   16.2103    -0.0135    -0.0258
   16.2203    -0.0138    -0.0254
   16.2303    -0.0140    -0.0250
   16.2403    -0.0143    -0.0246
   16.2503    -0.0145    -0.0242
   16.2603    -0.0148    -0.0238
   16.2703    -0.0150    -0.0234
   16.2803    -0.0152    -0.0230
   16.2903    -0.0155    -0.0226
   16.3003    -0.0157    -0.0221
   16.3103    -0.0159    -0.0217
   16.3203    -0.0161    -0.0213
   16.3303    -0.0163    -0.0208
   16.3403    -0.0165    -0.0204
   16.3503    -0.0167    -0.0200
   16.3603    -0.0169    -0.0195
   16.3703    -0.0171    -0.0191
   16.3803    -0.0173    -0.0187
   16.3903    -0.0175    -0.0182
   16.4003    -0.0177    -0.0178
   16.4103    -0.0179    -0.0173
   16.4203    -0.0180    -0.0169
   16.4303    -0.0182    -0.0165
   16.4403    -0.0184    -0.0160
   16.4503    -0.0185    -0.0156
   16.4603    -0.0187    -0.0151
   16.4703    -0.0188    -0.0147
   16.4803    -0.0190    -0.0142
   16.4903    -0.0191    -0.0138
   16.5003    -0.0192    -0.0133
   16.5103    -0.0194    -0.0129
   16.5203    -0.0195    -0.0124
   16.5303    -0.0196    -0.0120
   16.5403    -0.0197    -0.0115
   16.5503    -0.0198    -0.0110
   16.5603    -0.0200    -0.0106
   16.5703    -0.0201    -0.0101
   16.5803    -0.0202    -0.0097
   16.5903    -0.0202    -0.0092
   16.6003    -0.0203    -0.0088
   16.6103    -0.0204    -0.0083
   16.6203    -0.0205    -0.0079
   16.6303    -0.0206    -0.0074
   16.6403    -0.0207    -0.0070
   16.6503    -0.0207    -0.0065
   16.6603    -0.0208    -0.0061
   16.6703    -0.0208    -0.0057
   16.6803    -0.0209    -0.0052
   16.6903    -0.0209    -0.0048
   16.7003    -0.0210    -0.0043
   16.7103    -0.0210    -0.0039
   16.7203    -0.0211    -0.0034
   16.7303    -0.0211    -0.0030
   16.7403    -0.0211    -0.0026
   16.7503    -0.0212    -0.0021
   16.7603    -0.0212    -0.0017
   16.7703    -0.0212    -0.0013
   16.7803    -0.0212    -0.0008
   16.7903    -0.0212    -0.0004
   16.8003    -0.0212     0.0000
   16.8103    -0.0212     0.0004
   16.8203    -0.0212     0.0009
   16.8303    -0.0212     0.0013
   16.8403    -0.0212     0.0017
   16.8503    -0.0212     0.0021
   16.8603    -0.0211     0.0025
   16.8703    -0.0211     0.0029
   16.8803    -0.0211     0.0033
   16.8903    -0.0210     0.0037
   16.9003    -0.0210     0.0041
   16.9103    -0.0210     0.0045
   16.9203    -0.0209     0.0049
   16.9303    -0.0209     0.0053
   16.9403    -0.0208     0.0057
   16.9503    -0.0207     0.0061
   16.9603    -0.0207     0.0065
   16.9703    -0.0206     0.0069
   16.9803    -0.0205     0.0072
   16.9903    -0.0205     0.0076
   17.0003    -0.0204     0.0080
   17.0103    -0.0203     0.0083
   17.0203    -0.0202     0.0087
   17.0303    -0.0201     0.0091
   17.0403    -0.0200     0.0094
   17.0503    -0.0199     0.0098
   17.0603    -0.0198     0.0101
   17.0703    -0.0197     0.0105
   17.0803    -0.0196     0.0108
   17.0903    -0.0195     0.0111
   17.1003    -0.0194     0.0115
   17.1103    -0.0193     0.0118
   17.1203    -0.0192     0.0121
   17.1303    -0.0191     0.0124
   17.1403    -0.0189     0.0128
   17.1503    -0.0188     0.0131
   17.1603    -0.0187     0.0134
   17.1703    -0.0185     0.0137
   17.1803    -0.0184     0.0140
   17.1903    -0.0183     0.0143
   17.2003    -0.0181     0.0146
   17.2103    -0.0180     0.0149
   17.2203    -0.0178     0.0151
   17.2303    -0.0177     0.0154
   17.2403    -0.0175     0.0157
   17.2503    -0.0173     0.0160
   17.2603    -0.0172     0.0162
   17.2703    -0.0170     0.0165
   17.2803    -0.0169     0.0168
   17.2903    -0.0167     0.0170
   17.3003    -0.0165     0.0172
   17.3103    -0.0163     0.0175
   17.3203    -0.0162     0.0177
   17.3303    -0.0160     0.0180
   17.3403    -0.0158     0.0182
   17.3503    -0.0156     0.0184
   17.3603    -0.0154     0.0186
   17.3703    -0.0152     0.0188
   17.3803    -0.0151     0.0190
   17.3903    -0.0149     0.0193
   17.4003    -0.0147     0.0195
   17.4103    -0.0145     0.0196
   17.4203    -0.0143     0.0198
   17.4303    -0.0141     0.0200
   17.4403    -0.0139     0.0202
   17.4503    -0.0137     0.0204
   17.4603    -0.0135     0.0205
   17.4703    -0.0133     0.0207
   17.4803    -0.0131     0.0209
   17.4903    -0.0129     0.0210
   17.5003    -0.0126     0.0212
   17.5103    -0.0124     0.0213
   17.5203    -0.0122     0.0215
   17.5303    -0.0120     0.0216
   17.5403    -0.0118     0.0217
   17.5503    -0.0116     0.0218
   17.5603    -0.0113     0.0220
   17.5703    -0.0111     0.0221
   17.5803    -0.0109     0.0222
   17.5903    -0.0107     0.0223
   17.6003    -0.0105     0.0224
   17.6103    -0.0102     0.0225
   17.6203    -0.0100     0.0226
   17.6303    -0.0098     0.0227
   17.6403    -0.0096     0.0227
   17.6503    -0.0093     0.0228
   17.6603    -0.0091     0.0229
   17.6703    -0.0089     0.0229
   17.6803    -0.0086     0.0230
   17.6903    -0.0084     0.0231
   17.7003    -0.0082     0.0231
   17.7103    -0.0079     0.0232
   17.7203    -0.0077     0.0232
   17.7303    -0.0075     0.0232
   17.7403    -0.0073     0.0233
   17.7503    -0.0070     0.0233
   17.7603    -0.0068     0.0233
   17.7703    -0.0066     0.0233
   17.7803    -0.0063     0.0233
   17.7903    -0.0061     0.0234
   17.8003    -0.0059     0.0234
   17.8103    -0.0056     0.0234
   17.8203    -0.0054     0.0233
   17.8303    -0.0052     0.0233
   17.8403    -0.0049     0.0233
   17.8503    -0.0047     0.0233
   17.8603    -0.0045     0.0233
   17.8703    -0.0042     0.0232
   17.8803    -0.0040     0.0232
   17.8903    -0.0038     0.0232
   17.9003    -0.0035     0.0231
   17.9103    -0.0033     0.0231
   17.9203    -0.0031     0.0230
   17.9303    -0.0028     0.0230
   17.9403    -0.0026     0.0229
   17.9503    -0.0024     0.0228
   17.9603    -0.0021     0.0228
   17.9703    -0.0019     0.0227
   17.9803    -0.0017     0.0226
   17.9903    -0.0015     0.0225
   18.0003    -0.0012     0.0225
   18.0103    -0.0010     0.0224
   18.0203    -0.0008     0.0223
   18.0303    -0.0006     0.0222
   18.0403    -0.0003     0.0221
   18.0503    -0.0001     0.0220
   18.0603     0.0001     0.0219
   18.0703     0.0003     0.0218
   18.0803     0.0005     0.0216
   18.0903     0.0007     0.0215
   18.1003     0.0010     0.0214
   18.1103     0.0012     0.0213
   18.1203     0.0014     0.0211
   18.1303     0.0016     0.0210
   18.1403     0.0018     0.0209
   18.1503     0.0020     0.0207
   18.1603     0.0022     0.0206
   18.1703     0.0024     0.0204
   18.1803     0.0026     0.0203
   18.1903     0.0028     0.0201
   18.2003     0.0030     0.0200
   18.2103     0.0032     0.0198
   18.2203     0.0034     0.0196
   18.2303     0.0036     0.0195
   18.2403     0.0038     0.0193
   18.2503     0.0040     0.0191
   18.2603     0.0042     0.0189
   18.2703     0.0044     0.0188
   18.2803     0.0046     0.0186
   18.2903     0.0048     0.0184
   18.3003     0.0049     0.0182
   18.3103     0.0051     0.0180
   18.3203     0.0053     0.0178
   18.3303     0.0055     0.0176
   18.3403     0.0056     0.0174
   18.3503     0.0058     0.0172
   18.3603     0.0060     0.0170
   18.3703     0.0062     0.0168
   18.3803     0.0063     0.0166
   18.3903     0.0065     0.0164
   18.4003     0.0067     0.0162
   18.4103     0.0068     0.0160
   18.4203     0.0070     0.0157
   18.4303     0.0071     0.0155
   18.4403     0.0073     0.0153
   18.4503     0.0074     0.0151
   18.4603     0.0076     0.0149
   18.4703     0.0077     0.0146
   18.4803     0.0079     0.0144
   18.4903     0.0080     0.0142
   18.5003     0.0082     0.0139
   18.5103     0.0083     0.0137
   18.5203     0.0084     0.0135
   18.5303     0.0086     0.0132
   18.5403     0.0087     0.0130
   18.5503     0.0088     0.0128
   18.5603     0.0090     0.0125
   18.5703     0.0091     0.0123
   18.5803     0.0092     0.0120
   18.5903     0.0093     0.0118
   18.6003     0.0094     0.0115
   18.6103     0.0096     0.0113
   18.6203     0.0097     0.0110
   18.6303     0.0098     0.0108
   18.6403     0.0099     0.0105
   18.6503     0.0100     0.0103
   18.6603     0.0101     0.0100
   18.6703     0.0102     0.0098
   18.6803     0.0103     0.0095
   18.6903     0.0104     0.0093
   18.7003     0.0105     0.0090
   18.7103     0.0106     0.0088
   18.7203     0.0106     0.0085
   18.7303     0.0107     0.0083
   18.7403     0.0108     0.0080
   18.7503     0.0109     0.0077
   18.7603     0.0110     0.0075
   18.7703     0.0110     0.0072
   18.7803     0.0111     0.0070
   18.7903     0.0112     0.0067
   18.8003     0.0112     0.0065
   18.8103     0.0113     0.0062
   18.8203     0.0114     0.0060
   18.8303     0.0114     0.0057
   18.8403     0.0115     0.0054
   18.8503     0.0115     0.0052
   18.8603     0.0116     0.0049
   18.8703     0.0116     0.0047
   18.8803     0.0117     0.0044
   18.8903     0.0117     0.0042
   18.9003     0.0118     0.0039
   18.9103     0.0118     0.0036
   18.9203     0.0118     0.0034
   18.9303     0.0119     0.0031
   18.9403     0.0119     0.0029
   18.9503     0.0119     0.0026
   18.9603     0.0119     0.0024
   18.9703     0.0120     0.0021
   18.9803     0.0120     0.0019
   18.9903     0.0120     0.0016
   19.0003     0.0120     0.0014
   19.0103     0.0120     0.0011
   19.0203     0.0120     0.0009
   19.0303     0.0121     0.0006
   19.0403     0.0121     0.0004
   19.0503     0.0121     0.0002
   19.0603     0.0121    -0.0001
   19.0703     0.0121    -0.0003
   19.0803     0.0121    -0.0006
   19.0903     0.0120    -0.0008
   19.1003     0.0120    -0.0010
   19.1103     0.0120    -0.0013
   19.1203     0.0120    -0.0015
   19.1303     0.0120    -0.0017
   19.1403     0.0120    -0.0020
   19.1503     0.0120    -0.0022
   19.1603     0.0119    -0.0024
   19.1703     0.0119    -0.0026
   19.1803     0.0119    -0.0029
   19.1903     0.0119    -0.0031
   19.2003     0.0118    -0.0033
   19.2103     0.0118    -0.0035
   19.2203     0.0118    -0.0037
   19.2303     0.0117    -0.0040
   19.2403     0.0117    -0.0042
   19.2503     0.0116    -0.0044
   19.2603     0.0116    -0.0046
   19.2703     0.0115    -0.0048
   19.2803     0.0115    -0.0050
   19.2903     0.0114    -0.0052
   19.3003     0.0114    -0.0054
   19.3103     0.0113    -0.0056
   19.3203     0.0113    -0.0058
   19.3303     0.0112    -0.0060
   19.3403     0.0112    -0.0062
   19.3503     0.0111    -0.0064
   19.3603     0.0110    -0.0066
   19.3703     0.0110    -0.0068
   19.3803     0.0109    -0.0070
   19.3903     0.0108    -0.0071
   19.4003     0.0107    -0.0073
   19.4103     0.0107    -0.0075
   19.4203     0.0106    -0.0077
   19.4303     0.0105    -0.0078
   19.4403     0.0104    -0.0080
   19.4503     0.0104    -0.0082
   19.4604     0.0103    -0.0083
   19.4704     0.0102    -0.0085
   19.4804     0.0101    -0.0087
   19.4904     0.0100    -0.0088
   19.5004     0.0099    -0.0090
   19.5104     0.0098    -0.0091
   19.5204     0.0097    -0.0093
   19.5304     0.0097    -0.0094
   19.5404     0.0096    -0.0096
   19.5504     0.0095    -0.0097
   19.5604     0.0094    -0.0099
   19.5704     0.0093    -0.0100
   19.5804     0.0092    -0.0101
   19.5904     0.0091    -0.0103
   19.6004     0.0090    -0.0104
   19.6104     0.0089    -0.0105
   19.6204     0.0087    -0.0106
   19.6304     0.0086    -0.0108
   19.6404     0.0085    -0.0109
   19.6504     0.0084    -0.0110
   19.6604     0.0083    -0.0111
   19.6704     0.0082    -0.0112
   19.6804     0.0081    -0.0113
   19.6904     0.0080    -0.0114
   19.7004     0.0079    -0.0115
   19.7104     0.0077    -0.0116
   19.7204     0.0076    -0.0117
   19.7304     0.0075    -0.0118
   19.7404     0.0074    -0.0119
   19.7504     0.0073    -0.0120
   19.7604     0.0072    -0.0121
   19.7704     0.0070    -0.0121
   19.7804     0.0069    -0.0122
   19.7904     0.0068    -0.0123
   19.8004     0.0067    -0.0124
   19.8104     0.0065    -0.0124
   19.8204     0.0064    -0.0125
   19.8304     0.0063    -0.0126
   19.8404     0.0062    -0.0126
   19.8504     0.0060    -0.0127
   19.8604     0.0059    -0.0128
   19.8704     0.0058    -0.0128
   19.8804     0.0057    -0.0129
   19.8904     0.0055    -0.0129
   19.9004     0.0054    -0.0129
   19.9104     0.0053    -0.0130
   19.9204     0.0051    -0.0130
   19.9304     0.0050    -0.0131
   19.9404     0.0049    -0.0131
   19.9504     0.0047    -0.0131
   19.9604     0.0046    -0.0132
   19.9704     0.0045    -0.0132
   19.9804     0.0043    -0.0132
   19.9904     0.0042    -0.0132
   20.0004     0.0041    -0.0132
