    0.0000     0.0000     1.0000
    0.0100     0.0100     1.0000
    0.0200     0.0200     1.0000
    0.0300     0.0300     0.9999
    0.0400     0.0400     0.9998
    0.0500     0.0500     0.9998
    0.0600     0.0600     0.9996
    0.0700     0.0700     0.9995
    0.0800     0.0800     0.9994
    0.0900     0.0900     0.9992
    0.1000     0.1000     0.9990
    0.1100     0.1100     0.9988
    0.1200     0.1199     0.9986
    0.1300     0.1299     0.9983
    0.1400     0.1399     0.9980
    0.1500     0.1499     0.9978
    0.1600     0.1599     0.9974
    0.1700     0.1698     0.9971
    0.1800     0.1798     0.9968
    0.1900     0.1898     0.9964
    0.2000     0.1997     0.9960
    0.2100     0.2097     0.9956
    0.2200     0.2196     0.9952
    0.2300     0.2296     0.9947
    0.2400     0.2395     0.9942
    0.2500     0.2495     0.9938
    0.2600     0.2594     0.9932
    0.2700     0.2693     0.9927
    0.2800     0.2793     0.9922
    0.2900     0.2892     0.9916
    0.3000     0.2991     0.9910
    0.3100     0.3090     0.9904
    0.3200     0.3189     0.9898
    0.3300     0.3288     0.9891
    0.3400     0.3387     0.9885
    0.3500     0.3486     0.9878
    0.3600     0.3584     0.9871
    0.3700     0.3683     0.9863
    0.3800     0.3782     0.9856
    0.3900     0.3880     0.9848
    0.4000     0.3979     0.9840
    0.4100     0.4077     0.9832
    0.4200     0.4175     0.9824
    0.4300     0.4274     0.9816
    0.4400     0.4372     0.9807
    0.4500     0.4470     0.9798
    0.4600     0.4568     0.9789
    0.4700     0.4665     0.9780
    0.4800     0.4763     0.9770
    0.4900     0.4861     0.9761
    0.5000     0.4958     0.9751
    0.5100     0.5056     0.9741
    0.5200     0.5153     0.9731
    0.5300     0.5251     0.9720
    0.5400     0.5348     0.9710
    0.5500     0.5445     0.9699
    0.5600     0.5542     0.9688
    0.5700     0.5638     0.9677
    0.5800     0.5735     0.9665
    0.5900     0.5832     0.9654
    0.6000     0.5928     0.9642
    0.6100     0.6025     0.9630
    0.6200     0.6121     0.9618
    0.6300     0.6217     0.9606
    0.6400     0.6313     0.9593
    0.6500     0.6409     0.9580
    0.6600     0.6505     0.9568
    0.6700     0.6600     0.9554
    0.6800     0.6696     0.9541
    0.6900     0.6791     0.9528
    0.7000     0.6886     0.9514
    0.7100     0.6981     0.9500
    0.7200     0.7076     0.9486
    0.7300     0.7171     0.9472
    0.7400     0.7266     0.9457
    0.7500     0.7360     0.9443
    0.7600     0.7455     0.9428
    0.7700     0.7549     0.9413
    0.7800     0.7643     0.9398
    0.7900     0.7737     0.9382
    0.8000     0.7830     0.9367
    0.8100     0.7924     0.9351
    0.8200     0.8017     0.9335
    0.8300     0.8111     0.9319
    0.8400     0.8204     0.9303
    0.8500     0.8297     0.9286
    0.8600     0.8390     0.9269
    0.8700     0.8482     0.9253
    0.8800     0.8575     0.9236
    0.8900     0.8667     0.9218
    0.9000     0.8759     0.9201
    0.9100     0.8851     0.9183
    0.9200     0.8943     0.9165
    0.9300     0.9034     0.9147
    0.9400     0.9126     0.9129
    0.9500     0.9217     0.9111
    0.9600     0.9308     0.9092
    0.9700     0.9399     0.9074
    0.9800     0.9489     0.9055
    0.9900     0.9580     0.9036
    1.0000     0.9670     0.9017
    1.0100     0.9760     0.8997
    1.0200     0.9850     0.8978
    1.0300     0.9940     0.8958
    1.0400     1.0029     0.8938
    1.0500     1.0118     0.8918
    1.0600     1.0207     0.8897
    1.0700     1.0296     0.8877
    1.0800     1.0385     0.8856
    1.0900     1.0473     0.8835
    1.1000     1.0562     0.8814
    1.1100     1.0650     0.8793
    1.1200     1.0738     0.8772
    1.1300     1.0825     0.8750
    1.1400     1.0913     0.8728
    1.1500     1.1000     0.8706
    1.1600     1.1087     0.8684
    1.1700     1.1173     0.8662
    1.1800     1.1260     0.8640
    1.1900     1.1346     0.8617
    1.2000     1.1432     0.8594
    1.2100     1.1518     0.8571
    1.2200     1.1604     0.8548
    1.2300     1.1689     0.8525
    1.2400     1.1774     0.8501
    1.2500     1.1859     0.8478
    1.2600     1.1944     0.8454
    1.2700     1.2028     0.8430
    1.2800     1.2112     0.8406
    1.2900     1.2196     0.8382
    1.3000     1.2280     0.8357
    1.3100     1.2363     0.8332
    1.3200     1.2447     0.8308
    1.3300     1.2530     0.8283
    1.3400     1.2612     0.8257
    1.3500     1.2695     0.8232
    1.3600     1.2777     0.8207
    1.3700     1.2859     0.8181
    1.3800     1.2941     0.8155
    1.3900     1.3022     0.8129
    1.4000     1.3103     0.8103
    1.4100     1.3184     0.8077
    1.4200     1.3265     0.8050
    1.4300     1.3345     0.8024
    1.4400     1.3425     0.7997
    1.4500     1.3505     0.7970
    1.4600     1.3585     0.7943
    1.4700     1.3664     0.7916
    1.4800     1.3743     0.7888
    1.4900     1.3822     0.7861
    1.5000     1.3900     0.7833
    1.5100     1.3978     0.7805
    1.5200     1.4056     0.7777
    1.5300     1.4134     0.7749
    1.5400     1.4211     0.7721
    1.5500     1.4288     0.7692
    1.5600     1.4365     0.7664
    1.5700     1.4441     0.7635
    1.5800     1.4518     0.7606
    1.5900     1.4594     0.7577
    1.6000     1.4669     0.7547
    1.6100     1.4745     0.7518
    1.6200     1.4820     0.7488
    1.6300     1.4894     0.7459
    1.6400     1.4969     0.7429
    1.6500     1.5043     0.7399
    1.6600     1.5117     0.7369
    1.6700     1.5190     0.7338
    1.6800     1.5263     0.7308
    1.6900     1.5336     0.7277
    1.7000     1.5409     0.7247
    1.7100     1.5481     0.7216
    1.7200     1.5553     0.7185
    1.7300     1.5625     0.7153
    1.7400     1.5696     0.7122
    1.7500     1.5767     0.7091
    1.7600     1.5838     0.7059
    1.7700     1.5909     0.7027
    1.7800     1.5979     0.6995
    1.7900     1.6049     0.6963
    1.8000     1.6118     0.6931
    1.8100     1.6187     0.6899
    1.8200     1.6256     0.6866
    1.8300     1.6325     0.6834
    1.8400     1.6393     0.6801
    1.8500     1.6461     0.6768
    1.8600     1.6528     0.6735
    1.8700     1.6595     0.6702
    1.8800     1.6662     0.6669
    1.8900     1.6729     0.6636
    1.9000     1.6795     0.6602
    1.9100     1.6861     0.6568
    1.9200     1.6926     0.6535
    1.9300     1.6991     0.6501
    1.9400     1.7056     0.6467
    1.9500     1.7121     0.6432
    1.9600     1.7185     0.6398
    1.9700     1.7249     0.6364
    1.9800     1.7312     0.6329
    1.9900     1.7375     0.6294
    2.0000     1.7438     0.6260
    2.0100     1.7500     0.6225
    2.0200     1.7562     0.6190
    2.0300     1.7624     0.6154
    2.0400     1.7686     0.6119
    2.0500     1.7747     0.6084
    2.0600     1.7807     0.6048
    2.0700     1.7868     0.6012
    2.0800     1.7928     0.5977
    2.0900     1.7987     0.5941
    2.1000     1.8046     0.5905
    2.1100     1.8105     0.5869
    2.1200     1.8164     0.5832
    2.1300     1.8222     0.5796
    2.1400     1.8280     0.5759
    2.1500     1.8337     0.5723
    2.1600     1.8394     0.5686
    2.1700     1.8451     0.5649
    2.1800     1.8507     0.5612
    2.1900     1.8563     0.5575
    2.2000     1.8619     0.5538
    2.2100     1.8674     0.5501
    2.2200     1.8729     0.5463
    2.2300     1.8783     0.5426
    2.2400     1.8837     0.5388
    2.2500     1.8891     0.5350
    2.2600     1.8944     0.5313
    2.2700     1.8997     0.5275
    2.2800     1.9050     0.5237
    2.2900     1.9102     0.5199
    2.3000     1.9154     0.5160
    2.3100     1.9205     0.5122
    2.3200     1.9256     0.5083
    2.3300     1.9307     0.5045
    2.3400     1.9357     0.5006
    2.3500     1.9407     0.4967
    2.3600     1.9456     0.4929
    2.3700     1.9505     0.4890
    2.3800     1.9554     0.4851
    2.3900     1.9602     0.4811
    2.4000     1.9650     0.4772
    2.4100     1.9698     0.4733
    2.4200     1.9745     0.4693
    2.4300     1.9792     0.4654
    2.4400     1.9838     0.4614
    2.4500     1.9884     0.4574
    2.4600     1.9929     0.4535
    2.4700     1.9975     0.4495
    2.4800     2.0019     0.4455
    2.4900     2.0064     0.4415
    2.5000     2.0108     0.4375
    2.5100     2.0151     0.4334
    2.5200     2.0194     0.4294
    2.5300     2.0237     0.4253
    2.5400     2.0279     0.4213
    2.5500     2.0321     0.4172
    2.5600     2.0363     0.4132
    2.5700     2.0404     0.4091
    2.5800     2.0445     0.4050
    2.5900     2.0485     0.4009
    2.6000     2.0525     0.3968
    2.6100     2.0564     0.3927
    2.6200     2.0603     0.3886
    2.6300     2.0642     0.3845
    2.6400     2.0680     0.3803
    2.6500     2.0718     0.3762
    2.6600     2.0756     0.3720
    2.6700     2.0793     0.3679
    2.6800     2.0829     0.3637
    2.6900     2.0865     0.3596
    2.7000     2.0901     0.3554
    2.7100     2.0936     0.3512
    2.7200     2.0971     0.3470
    2.7300     2.1006     0.3428
    2.7400     2.1040     0.3386
    2.7500     2.1073     0.3344
    2.7600     2.1107     0.3302
    2.7700     2.1140     0.3259
    2.7800     2.1172     0.3217
    2.7900     2.1204     0.3175
    2.8000     2.1235     0.3132
    2.8100     2.1267     0.3090
    2.8200     2.1297     0.3047
    2.8300     2.1327     0.3005
    2.8400     2.1357     0.2962
    2.8500     2.1387     0.2919
    2.8600     2.1416     0.2876
    2.8700     2.1444     0.2834
    2.8800     2.1472     0.2791
    2.8900     2.1500     0.2748
    2.9000     2.1527     0.2705
    2.9100     2.1554     0.2662
    2.9200     2.1581     0.2618
    2.9300     2.1606     0.2575
    2.9400     2.1632     0.2532
    2.9500     2.1657     0.2489
    2.9600     2.1682     0.2445
    2.9700     2.1706     0.2402
    2.9800     2.1730     0.2359
    2.9900     2.1753     0.2315
    3.0000     2.1776     0.2272
    3.0100     2.1799     0.2228
    3.0200     2.1821     0.2184
    3.0300     2.1842     0.2141
    3.0400     2.1864     0.2097
    3.0500     2.1884     0.2053
    3.0600     2.1905     0.2009
    3.0700     2.1924     0.1966
    3.0800     2.1944     0.1922
    3.0900     2.1963     0.1878
    3.1000     2.1981     0.1834
    3.1100     2.2000     0.1790
    3.1200     2.2017     0.1746
    3.1300     2.2034     0.1702
    3.1400     2.2051     0.1658
    3.1500     2.2068     0.1614
    3.1600     2.2084     0.1569
    3.1700     2.2099     0.1525
    3.1800     2.2114     0.1481
    3.1900     2.2129     0.1437
    3.2000     2.2143     0.1393
    3.2100     2.2157     0.1348
    3.2200     2.2170     0.1304
    3.2300     2.2183     0.1260
    3.2400     2.2195     0.1215
    3.2500     2.2207     0.1171
    3.2600     2.2218     0.1126
    3.2700     2.2229     0.1082
    3.2800     2.2240     0.1037
    3.2900     2.2250     0.0993
    3.3000     2.2260     0.0948
    3.3100     2.2269     0.0904
    3.3200     2.2278     0.0859
    3.3300     2.2286     0.0815
    3.3400     2.2294     0.0770
    3.3500     2.2302     0.0726
    3.3600     2.2309     0.0681
    3.3700     2.2315     0.0636
    3.3800     2.2321     0.0592
    3.3900     2.2327     0.0547
    3.4000     2.2332     0.0502
    3.4100     2.2337     0.0458
    3.4200     2.2342     0.0413
    3.4300     2.2345     0.0368
    3.4400     2.2349     0.0324
    3.4500     2.2352     0.0279
    3.4600     2.2355     0.0234
    3.4700     2.2357     0.0190
    3.4800     2.2358     0.0145
    3.4900     2.2360     0.0100
    3.5000     2.2360     0.0055
    3.5100     2.2361     0.0011
    3.5200     2.2361    -0.0034
    3.5300     2.2360    -0.0079
    3.5400     2.2359    -0.0123
    3.5500     2.2358    -0.0168
    3.5600     2.2356    -0.0213
    3.5700     2.2353    -0.0258
    3.5800     2.2350    -0.0302
    3.5900     2.2347    -0.0347
    3.6000     2.2344    -0.0392
    3.6100     2.2339    -0.0436
    3.6200     2.2335    -0.0481
    3.6300     2.2330    -0.0526
    3.6400     2.2324    -0.0570
    3.6500     2.2318    -0.0615
    3.6600     2.2312    -0.0660
    3.6700     2.2305    -0.0704
    3.6800     2.2298    -0.0749
    3.6900     2.2290    -0.0793
    3.7000     2.2282    -0.0838
    3.7100     2.2273    -0.0883
    3.7200     2.2264    -0.0927
    3.7300     2.2255    -0.0972
    3.7400     2.2245    -0.1016
    3.7500     2.2235    -0.1061
    3.7600     2.2224    -0.1105
    3.7700     2.2212    -0.1149
    3.7800     2.2201    -0.1194
    3.7900     2.2189    -0.1238
    3.8000     2.2176    -0.1283
    3.8100     2.2163    -0.1327
    3.8200     2.2149    -0.1371
    3.8300     2.2136    -0.1416
    3.8400     2.2121    -0.1460
    3.8500     2.2106    -0.1504
    3.8600     2.2091    -0.1548
    3.8700     2.2075    -0.1592
    3.8800     2.2059    -0.1637
    3.8900     2.2043    -0.1681
    3.9000     2.2026    -0.1725
    3.9100     2.2008    -0.1769
    3.9200     2.1990    -0.1813
    3.9300     2.1972    -0.1857
    3.9400     2.1953    -0.1901
    3.9500     2.1934    -0.1945
    3.9600     2.1914    -0.1988
    3.9700     2.1894    -0.2032
    3.9800     2.1874    -0.2076
    3.9900     2.1853    -0.2120
    4.0000     2.1831    -0.2163
    4.0100     2.1809    -0.2207
    4.0200     2.1787    -0.2251
    4.0300     2.1764    -0.2294
    4.0400     2.1741    -0.2338
    4.0500     2.1718    -0.2381
    4.0600     2.1694    -0.2425
    4.0700     2.1669    -0.2468
    4.0800     2.1644    -0.2511
    4.0900     2.1619    -0.2554
    4.1000     2.1593    -0.2598
    4.1100     2.1567    -0.2641
    4.1200     2.1540    -0.2684
    4.1300     2.1513    -0.2727
    4.1400     2.1486    -0.2770
    4.1500     2.1458    -0.2813
    4.1600     2.1429    -0.2856
    4.1700     2.1401    -0.2899
    4.1800     2.1371    -0.2941
    4.1900     2.1342    -0.2984
    4.2000     2.1312    -0.3027
    4.2100     2.1281    -0.3069
    4.2200     2.1250    -0.3112
    4.2300     2.1219    -0.3154
    4.2400     2.1187    -0.3197
    4.2500     2.1155    -0.3239
    4.2600     2.1123    -0.3281
    4.2700     2.1090    -0.3324
    4.2800     2.1056    -0.3366
    4.2900     2.1022    -0.3408
    4.3000     2.0988    -0.3450
    4.3100     2.0953    -0.3492
    4.3200     2.0918    -0.3534
    4.3300     2.0883    -0.3575
    4.3400     2.0847    -0.3617
    4.3500     2.0810    -0.3659
    4.3600     2.0773    -0.3700
    4.3700     2.0736    -0.3742
    4.3800     2.0699    -0.3783
    4.3900     2.0661    -0.3825
    4.4000     2.0622    -0.3866
    4.4100     2.0583    -0.3907
    4.4200     2.0544    -0.3948
    4.4300     2.0504    -0.3989
    4.4400     2.0464    -0.4030
    4.4500     2.0424    -0.4071
    4.4600     2.0383    -0.4112
    4.4700     2.0341    -0.4153
    4.4800     2.0300    -0.4193
    4.4900     2.0258    -0.4234
    4.5000     2.0215    -0.4274
    4.5100     2.0172    -0.4315
    4.5200     2.0129    -0.4355
    4.5300     2.0085    -0.4395
    4.5400     2.0041    -0.4435
    4.5500     1.9996    -0.4476
    4.5600     1.9951    -0.4515
    4.5700     1.9906    -0.4555
    4.5800     1.9860    -0.4595
    4.5900     1.9814    -0.4635
    4.6000     1.9767    -0.4674
    4.6100     1.9721    -0.4714
    4.6200     1.9673    -0.4753
    4.6300     1.9625    -0.4793
    4.6400     1.9577    -0.4832
    4.6500     1.9529    -0.4871
    4.6600     1.9480    -0.4910
    4.6700     1.9431    -0.4949
    4.6800     1.9381    -0.4988
    4.6900     1.9331    -0.5026
    4.7000     1.9280    -0.5065
    4.7100     1.9230    -0.5103
    4.7200     1.9178    -0.5142
    4.7300     1.9127    -0.5180
    4.7400     1.9075    -0.5218
    4.7500     1.9022    -0.5256
    4.7600     1.8970    -0.5294
    4.7700     1.8916    -0.5332
    4.7800     1.8863    -0.5370
    4.7900     1.8809    -0.5408
    4.8000     1.8755    -0.5445
    4.8100     1.8700    -0.5483
    4.8200     1.8645    -0.5520
    4.8300     1.8590    -0.5557
    4.8400     1.8534    -0.5594
    4.8500     1.8478    -0.5631
    4.8600     1.8421    -0.5668
    4.8700     1.8365    -0.5705
    4.8800     1.8307    -0.5742
    4.8900     1.8250    -0.5778
    4.9000     1.8192    -0.5815
    4.9100     1.8133    -0.5851
    4.9200     1.8075    -0.5887
    4.9300     1.8016    -0.5923
    4.9400     1.7956    -0.5959
    4.9500     1.7896    -0.5995
    4.9600     1.7836    -0.6031
    4.9700     1.7776    -0.6067
    4.9800     1.7715    -0.6102
    4.9900     1.7654    -0.6137
    5.0000     1.7592    -0.6173
    5.0100     1.7530    -0.6208
    5.0200     1.7468    -0.6243
    5.0300     1.7405    -0.6278
    5.0400     1.7343    -0.6312
    5.0500     1.7279    -0.6347
    5.0600     1.7216    -0.6382
    5.0700     1.7152    -0.6416
    5.0800     1.7087    -0.6450
    5.0900     1.7023    -0.6484
    5.1000     1.6958    -0.6518
    5.1100     1.6892    -0.6552
    5.1200     1.6827    -0.6586
    5.1300     1.6761    -0.6619
    5.1400     1.6694    -0.6653
    5.1500     1.6627    -0.6686
    5.1600     1.6560    -0.6719
    5.1700     1.6493    -0.6752
    5.1800     1.6425    -0.6785
    5.1900     1.6357    -0.6818
    5.2000     1.6289    -0.6851
    5.2100     1.6220    -0.6883
    5.2200     1.6151    -0.6916
    5.2300     1.6082    -0.6948
    5.2400     1.6012    -0.6980
    5.2500     1.5942    -0.7012
    5.2600     1.5872    -0.7044
    5.2700     1.5802    -0.7075
    5.2800     1.5731    -0.7107
    5.2900     1.5659    -0.7138
    5.3000     1.5588    -0.7170
    5.3100     1.5516    -0.7201
    5.3200     1.5444    -0.7232
    5.3300     1.5371    -0.7263
    5.3400     1.5299    -0.7293
    5.3500     1.5226    -0.7324
    5.3600     1.5152    -0.7354
    5.3700     1.5078    -0.7384
    5.3800     1.5004    -0.7414
    5.3900     1.4930    -0.7444
    5.4000     1.4856    -0.7474
    5.4100     1.4781    -0.7504
    5.4200     1.4706    -0.7533
    5.4300     1.4630    -0.7563
    5.4400     1.4554    -0.7592
    5.4500     1.4478    -0.7621
    5.4600     1.4402    -0.7650
    5.4700     1.4325    -0.7678
    5.4800     1.4248    -0.7707
    5.4900     1.4171    -0.7735
    5.5000     1.4094    -0.7764
    5.5100     1.4016    -0.7792
    5.5200     1.3938    -0.7820
    5.5300     1.3859    -0.7848
    5.5400     1.3781    -0.7875
    5.5500     1.3702    -0.7903
    5.5600     1.3623    -0.7930
    5.5700     1.3543    -0.7957
    5.5800     1.3464    -0.7984
    5.5900     1.3384    -0.8011
    5.6000     1.3303    -0.8038
    5.6100     1.3223    -0.8064
    5.6200     1.3142    -0.8091
    5.6300     1.3061    -0.8117
    5.6400     1.2980    -0.8143
    5.6500     1.2898    -0.8169
    5.6600     1.2816    -0.8194
    5.6700     1.2734    -0.8220
    5.6800     1.2652    -0.8245
    5.6900     1.2569    -0.8271
    5.7000     1.2487    -0.8296
    5.7100     1.2403    -0.8321
    5.7200     1.2320    -0.8345
    5.7300     1.2237    -0.8370
    5.7400     1.2153    -0.8394
    5.7500     1.2069    -0.8418
    5.7600     1.1984    -0.8442
    5.7700     1.1900    -0.8466
    5.7800     1.1815    -0.8490
    5.7900     1.1730    -0.8514
    5.8000     1.1645    -0.8537
    5.8100     1.1559    -0.8560
    5.8200     1.1474    -0.8583
    5.8300     1.1388    -0.8606
    5.8400     1.1301    -0.8629
    5.8500     1.1215    -0.8651
    5.8600     1.1128    -0.8674
    5.8700     1.1042    -0.8696
    5.8800     1.0955    -0.8718
    5.8900     1.0867    -0.8740
    5.9000     1.0780    -0.8761
    5.9100     1.0692    -0.8783
    5.9200     1.0604    -0.8804
    5.9300     1.0516    -0.8825
    5.9400     1.0428    -0.8846
    5.9500     1.0339    -0.8867
    5.9600     1.0250    -0.8887
    5.9700     1.0161    -0.8908
    5.9800     1.0072    -0.8928
    5.9900     0.9983    -0.8948
    6.0000     0.9893    -0.8968
    6.0100     0.9803    -0.8988
    6.0200     0.9713    -0.9007
    6.0300     0.9623    -0.9027
    6.0400     0.9533    -0.9046
    6.0500     0.9442    -0.9065
    6.0600     0.9352    -0.9083
    6.0700     0.9261    -0.9102
    6.0800     0.9170    -0.9121
    6.0900     0.9078    -0.9139
    6.1000     0.8987    -0.9157
    6.1100     0.8895    -0.9175
    6.1200     0.8803    -0.9192
    6.1300     0.8711    -0.9210
    6.1400     0.8619    -0.9227
    6.1500     0.8527    -0.9244
    6.1600     0.8434    -0.9261
    6.1700     0.8341    -0.9278
    6.1800     0.8249    -0.9295
    6.1900     0.8156    -0.9311
    6.2000     0.8062    -0.9327
    6.2100     0.7969    -0.9343
    6.2200     0.7875    -0.9359
    6.2300     0.7782    -0.9375
    6.2400     0.7688    -0.9390
    6.2500     0.7594    -0.9406
    6.2600     0.7500    -0.9421
    6.2700     0.7406    -0.9436
    6.2800     0.7311    -0.9450
    6.2900     0.7217    -0.9465
    6.3000     0.7122    -0.9479
    6.3100     0.7027    -0.9493
    6.3200     0.6932    -0.9507
    6.3300     0.6837    -0.9521
    6.3401     0.6742    -0.9535
    6.3501     0.6646    -0.9548
    6.3601     0.6551    -0.9561
    6.3701     0.6455    -0.9574
    6.3801     0.6359    -0.9587
    6.3901     0.6263    -0.9600
    6.4001     0.6167    -0.9612
    6.4101     0.6071    -0.9624
    6.4201     0.5975    -0.9636
    6.4301     0.5878    -0.9648
    6.4401     0.5782    -0.9660
    6.4501     0.5685    -0.9671
    6.4601     0.5588    -0.9683
    6.4701     0.5491    -0.9694
    6.4801     0.5394    -0.9705
    6.4901     0.5297    -0.9715
    6.5001     0.5200    -0.9726
    6.5101     0.5103    -0.9736
    6.5201     0.5005    -0.9746
    6.5301     0.4908    -0.9756
    6.5401     0.4810    -0.9766
    6.5501     0.4713    -0.9775
    6.5601     0.4615    -0.9785
    6.5701     0.4517    -0.9794
    6.5801     0.4419    -0.9803
    6.5901     0.4321    -0.9812
    6.6001     0.4223    -0.9820
    6.6101     0.4124    -0.9828
    6.6201     0.4026    -0.9837
    6.6301     0.3928    -0.9845
    6.6401     0.3829    -0.9852
    6.6501     0.3731    -0.9860
    6.6601     0.3632    -0.9867
    6.6701     0.3533    -0.9874
    6.6801     0.3434    -0.9881
    6.6901     0.3336    -0.9888
    6.7001     0.3237    -0.9895
    6.7101     0.3138    -0.9901
    6.7201     0.3039    -0.9907
    6.7301     0.2940    -0.9913
    6.7401     0.2840    -0.9919
    6.7501     0.2741    -0.9925
    6.7601     0.2642    -0.9930
    6.7701     0.2543    -0.9935
    6.7801     0.2443    -0.9940
    6.7901     0.2344    -0.9945
    6.8001     0.2244    -0.9950
    6.8101     0.2145    -0.9954
    6.8201     0.2045    -0.9958
    6.8301     0.1946    -0.9962
    6.8401     0.1846    -0.9966
    6.8501     0.1746    -0.9969
    6.8601     0.1647    -0.9973
    6.8701     0.1547    -0.9976
    6.8801     0.1447    -0.9979
    6.8901     0.1347    -0.9982
    6.9001     0.1247    -0.9984
    6.9101     0.1148    -0.9987
    6.9201     0.1048    -0.9989
    6.9301     0.0948    -0.9991
    6.9401     0.0848    -0.9993
    6.9501     0.0748    -0.9994
    6.9601     0.0648    -0.9996
    6.9701     0.0548    -0.9997
    6.9801     0.0448    -0.9998
    6.9901     0.0348    -0.9999
    7.0001     0.0248    -0.9999
    7.0101     0.0148    -1.0000
    7.0201     0.0048    -1.0000
    7.0301    -0.0052    -1.0000
    7.0401    -0.0152    -1.0000
    7.0501    -0.0252    -0.9999
    7.0601    -0.0352    -0.9999
    7.0701    -0.0452    -0.9998
    7.0801    -0.0552    -0.9997
    7.0901    -0.0652    -0.9996
    7.1001    -0.0752    -0.9994
    7.1101    -0.0852    -0.9993
    7.1201    -0.0952    -0.9991
    7.1301    -0.1051    -0.9989
    7.1401    -0.1151    -0.9987
    7.1501    -0.1251    -0.9984
    7.1601    -0.1351    -0.9982
    7.1701    -0.1451    -0.9979
    7.1801    -0.1551    -0.9976
    7.1901    -0.1650    -0.9973
    7.2001    -0.1750    -0.9969
    7.2101    -0.1850    -0.9966
    7.2201    -0.1949    -0.9962
    7.2301    -0.2049    -0.9958
    7.2401    -0.2149    -0.9954
    7.2501    -0.2248    -0.9949
    7.2601    -0.2348    -0.9945
    7.2701    -0.2447    -0.9940
    7.2801    -0.2546    -0.9935
    7.2901    -0.2646    -0.9930
    7.3001    -0.2745    -0.9924
    7.3101    -0.2844    -0.9919
    7.3201    -0.2943    -0.9913
    7.3301    -0.3042    -0.9907
    7.3401    -0.3141    -0.9901
    7.3501    -0.3240    -0.9894
    7.3601    -0.3339    -0.9888
    7.3701    -0.3438    -0.9881
    7.3801    -0.3537    -0.9874
    7.3901    -0.3636    -0.9867
    7.4001    -0.3734    -0.9860
    7.4101    -0.3833    -0.9852
    7.4201    -0.3931    -0.9844
    7.4301    -0.4030    -0.9836
    7.4401    -0.4128    -0.9828
    7.4501    -0.4226    -0.9820
    7.4601    -0.4324    -0.9811
    7.4701    -0.4423    -0.9802
    7.4801    -0.4520    -0.9794
    7.4901    -0.4618    -0.9784
    7.5001    -0.4716    -0.9775
    7.5101    -0.4814    -0.9766
    7.5201    -0.4911    -0.9756
    7.5301    -0.5009    -0.9746
    7.5401    -0.5106    -0.9736
    7.5501    -0.5204    -0.9725
    7.5601    -0.5301    -0.9715
    7.5701    -0.5398    -0.9704
    7.5801    -0.5495    -0.9693
    7.5901    -0.5592    -0.9682
    7.6001    -0.5689    -0.9671
    7.6101    -0.5785    -0.9660
    7.6201    -0.5882    -0.9648
    7.6301    -0.5978    -0.9636
    7.6401    -0.6075    -0.9624
    7.6501    -0.6171    -0.9612
    7.6601    -0.6267    -0.9599
    7.6701    -0.6363    -0.9587
    7.6801    -0.6459    -0.9574
    7.6901    -0.6554    -0.9561
    7.7001    -0.6650    -0.9548
    7.7101    -0.6745    -0.9534
    7.7201    -0.6840    -0.9521
    7.7301    -0.6936    -0.9507
    7.7401    -0.7031    -0.9493
    7.7501    -0.7125    -0.9479
    7.7601    -0.7220    -0.9464
    7.7701    -0.7315    -0.9450
    7.7801    -0.7409    -0.9435
    7.7901    -0.7503    -0.9420
    7.8001    -0.7598    -0.9405
    7.8101    -0.7691    -0.9390
    7.8201    -0.7785    -0.9374
    7.8301    -0.7879    -0.9359
    7.8401    -0.7972    -0.9343
    7.8501    -0.8066    -0.9327
    7.8601    -0.8159    -0.9311
    7.8701    -0.8252    -0.9294
    7.8801    -0.8345    -0.9278
    7.8901    -0.8438    -0.9261
    7.9001    -0.8530    -0.9244
    7.9101    -0.8622    -0.9227
    7.9201    -0.8715    -0.9209
    7.9301    -0.8807    -0.9192
    7.9401    -0.8898    -0.9174
    7.9501    -0.8990    -0.9156
    7.9601    -0.9082    -0.9138
    7.9701    -0.9173    -0.9120
    7.9801    -0.9264    -0.9101
    7.9901    -0.9355    -0.9083
    8.0001    -0.9446    -0.9064
    8.0101    -0.9536    -0.9045
    8.0201    -0.9627    -0.9026
    8.0301    -0.9717    -0.9007
    8.0401    -0.9807    -0.8987
    8.0501    -0.9896    -0.8967
    8.0601    -0.9986    -0.8947
    8.0701    -1.0075    -0.8927
    8.0801    -1.0165    -0.8907
    8.0901    -1.0254    -0.8887
    8.1001    -1.0342    -0.8866
    8.1101    -1.0431    -0.8845
    8.1201    -1.0519    -0.8824
    8.1301    -1.0607    -0.8803
    8.1401    -1.0695    -0.8782
    8.1501    -1.0783    -0.8760
    8.1601    -1.0870    -0.8739
    8.1701    -1.0958    -0.8717
    8.1801    -1.1045    -0.8695
    8.1901    -1.1132    -0.8673
    8.2001    -1.1218    -0.8650
    8.2101    -1.1305    -0.8628
    8.2201    -1.1391    -0.8605
    8.2301    -1.1477    -0.8582
    8.2401    -1.1562    -0.8559
    8.2501    -1.1648    -0.8536
    8.2601    -1.1733    -0.8513
    8.2701    -1.1818    -0.8489
    8.2801    -1.1903    -0.8465
    8.2901    -1.1988    -0.8442
    8.3001    -1.2072    -0.8417
    8.3101    -1.2156    -0.8393
    8.3201    -1.2240    -0.8369
    8.3301    -1.2323    -0.8344
    8.3401    -1.2407    -0.8320
    8.3501    -1.2490    -0.8295
    8.3601    -1.2572    -0.8270
    8.3701    -1.2655    -0.8244
    8.3801    -1.2737    -0.8219
    8.3901    -1.2819    -0.8193
    8.4001    -1.2901    -0.8168
    8.4101    -1.2983    -0.8142
    8.4201    -1.3064    -0.8116
    8.4301    -1.3145    -0.8090
    8.4401    -1.3226    -0.8063
    8.4501    -1.3306    -0.8037
    8.4601    -1.3387    -0.8010
    8.4701    -1.3467    -0.7983
    8.4801    -1.3546    -0.7956
    8.4901    -1.3626    -0.7929
    8.5001    -1.3705    -0.7902
    8.5101    -1.3784    -0.7874
    8.5201    -1.3862    -0.7846
    8.5301    -1.3941    -0.7819
    8.5401    -1.4019    -0.7791
    8.5501    -1.4096    -0.7763
    8.5601    -1.4174    -0.7734
    8.5701    -1.4251    -0.7706
    8.5801    -1.4328    -0.7677
    8.5901    -1.4405    -0.7649
    8.6001    -1.4481    -0.7620
    8.6101    -1.4557    -0.7591
    8.6201    -1.4633    -0.7561
    8.6301    -1.4708    -0.7532
    8.6401    -1.4783    -0.7503
    8.6501    -1.4858    -0.7473
    8.6601    -1.4933    -0.7443
    8.6701    -1.5007    -0.7413
    8.6801    -1.5081    -0.7383
    8.6901    -1.5155    -0.7353
    8.7001    -1.5228    -0.7323
    8.7101    -1.5301    -0.7292
    8.7201    -1.5374    -0.7261
    8.7301    -1.5447    -0.7231
    8.7401    -1.5519    -0.7200
    8.7501    -1.5591    -0.7168
    8.7601    -1.5662    -0.7137
    8.7701    -1.5733    -0.7106
    8.7801    -1.5804    -0.7074
    8.7901    -1.5875    -0.7043
    8.8001    -1.5945    -0.7011
    8.8101    -1.6015    -0.6979
    8.8201    -1.6085    -0.6947
    8.8301    -1.6154    -0.6914
    8.8401    -1.6223    -0.6882
    8.8501    -1.6292    -0.6850
    8.8601    -1.6360    -0.6817
    8.8701    -1.6428    -0.6784
    8.8801    -1.6496    -0.6751
    8.8901    -1.6563    -0.6718
    8.9001    -1.6630    -0.6685
    8.9101    -1.6697    -0.6652
    8.9201    -1.6763    -0.6618
    8.9301    -1.6829    -0.6585
    8.9401    -1.6895    -0.6551
    8.9501    -1.6960    -0.6517
    8.9601    -1.7025    -0.6483
    8.9701    -1.7090    -0.6449
    8.9801    -1.7154    -0.6415
    8.9901    -1.7218    -0.6380
    9.0001    -1.7282    -0.6346
    9.0101    -1.7345    -0.6311
    9.0201    -1.7408    -0.6276
    9.0301    -1.7470    -0.6242
    9.0401    -1.7533    -0.6207
    9.0501    -1.7595    -0.6171
    9.0601    -1.7656    -0.6136
    9.0701    -1.7717    -0.6101
    9.0801    -1.7778    -0.6065
    9.0901    -1.7839    -0.6030
    9.1001    -1.7899    -0.5994
    9.1101    -1.7958    -0.5958
    9.1201    -1.8018    -0.5922
    9.1301    -1.8077    -0.5886
    9.1401    -1.8136    -0.5850
    9.1501    -1.8194    -0.5813
    9.1601    -1.8252    -0.5777
    9.1701    -1.8309    -0.5740
    9.1801    -1.8367    -0.5704
    9.1901    -1.8424    -0.5667
    9.2001    -1.8480    -0.5630
    9.2101    -1.8536    -0.5593
    9.2201    -1.8592    -0.5556
    9.2301    -1.8647    -0.5519
    9.2401    -1.8702    -0.5481
    9.2501    -1.8757    -0.5444
    9.2601    -1.8811    -0.5406
    9.2701    -1.8865    -0.5369
    9.2801    -1.8918    -0.5331
    9.2901    -1.8972    -0.5293
    9.3001    -1.9024    -0.5255
    9.3101    -1.9077    -0.5217
    9.3201    -1.9129    -0.5179
    9.3301    -1.9180    -0.5140
    9.3401    -1.9231    -0.5102
    9.3501    -1.9282    -0.5063
    9.3601    -1.9333    -0.5025
    9.3701    -1.9383    -0.4986
    9.3801    -1.9432    -0.4947
    9.3901    -1.9482    -0.4908
    9.4001    -1.9531    -0.4869
    9.4101    -1.9579    -0.4830
    9.4201    -1.9627    -0.4791
    9.4301    -1.9675    -0.4752
    9.4401    -1.9722    -0.4712
    9.4501    -1.9769    -0.4673
    9.4601    -1.9816    -0.4633
    9.4701    -1.9862    -0.4594
    9.4801    -1.9908    -0.4554
    9.4901    -1.9953    -0.4514
    9.5001    -1.9998    -0.4474
    9.5101    -2.0042    -0.4434
    9.5201    -2.0087    -0.4394
    9.5301    -2.0130    -0.4354
    9.5401    -2.0174    -0.4313
    9.5501    -2.0217    -0.4273
    9.5601    -2.0259    -0.4232
    9.5701    -2.0301    -0.4192
    9.5801    -2.0343    -0.4151
    9.5901    -2.0384    -0.4111
    9.6001    -2.0425    -0.4070
    9.6101    -2.0466    -0.4029
    9.6201    -2.0506    -0.3988
    9.6301    -2.0545    -0.3947
    9.6401    -2.0585    -0.3906
    9.6501    -2.0624    -0.3864
    9.6601    -2.0662    -0.3823
    9.6701    -2.0700    -0.3782
    9.6801    -2.0738    -0.3740
    9.6901    -2.0775    -0.3699
    9.7001    -2.0812    -0.3657
    9.7101    -2.0848    -0.3616
    9.7201    -2.0884    -0.3574
    9.7301    -2.0919    -0.3532
    9.7401    -2.0955    -0.3490
    9.7501    -2.0989    -0.3448
    9.7601    -2.1023    -0.3406
    9.7701    -2.1057    -0.3364
    9.7801    -2.1091    -0.3322
    9.7901    -2.1124    -0.3280
    9.8001    -2.1156    -0.3238
    9.8101    -2.1189    -0.3195
    9.8201    -2.1220    -0.3153
    9.8301    -2.1252    -0.3110
    9.8401    -2.1282    -0.3068
    9.8501    -2.1313    -0.3025
    9.8601    -2.1343    -0.2983
    9.8701    -2.1373    -0.2940
    9.8801    -2.1402    -0.2897
    9.8901    -2.1431    -0.2854
    9.9001    -2.1459    -0.2811
    9.9101    -2.1487    -0.2768
    9.9201    -2.1514    -0.2725
    9.9301    -2.1541    -0.2682
    9.9401    -2.1568    -0.2639
    9.9501    -2.1594    -0.2596
    9.9601    -2.1620    -0.2553
    9.9701    -2.1645    -0.2510
    9.9801    -2.1670    -0.2466
    9.9901    -2.1694    -0.2423
   10.0001    -2.1718    -0.2379
   10.0101    -2.1742    -0.2336
   10.0201    -2.1765    -0.2293
   10.0301    -2.1788    -0.2249
   10.0401    -2.1810    -0.2205
   10.0501    -2.1832    -0.2162
   10.0601    -2.1853    -0.2118
   10.0701    -2.1874    -0.2074
   10.0801    -2.1895    -0.2031
   10.0901    -2.1915    -0.1987
   10.1001    -2.1935    -0.1943
   10.1101    -2.1954    -0.1899
   10.1201    -2.1973    -0.1855
   10.1301    -2.1991    -0.1811
   10.1401    -2.2009    -0.1767
   10.1501    -2.2026    -0.1723
   10.1601    -2.2043    -0.1679
   10.1701    -2.2060    -0.1635
   10.1801    -2.2076    -0.1591
   10.1901    -2.2092    -0.1547
   10.2001    -2.2107    -0.1502
   10.2101    -2.2122    -0.1458
   10.2201    -2.2136    -0.1414
   10.2301    -2.2150    -0.1370
   10.2401    -2.2163    -0.1325
   10.2501    -2.2176    -0.1281
   10.2601    -2.2189    -0.1237
   10.2701    -2.2201    -0.1192
   10.2801    -2.2213    -0.1148
   10.2901    -2.2224    -0.1103
   10.3001    -2.2235    -0.1059
   10.3101    -2.2245    -0.1014
   10.3201    -2.2255    -0.0970
   10.3301    -2.2265    -0.0925
   10.3401    -2.2274    -0.0881
   10.3501    -2.2282    -0.0836
   10.3601    -2.2290    -0.0792
   10.3701    -2.2298    -0.0747
   10.3801    -2.2305    -0.0703
   10.3901    -2.2312    -0.0658
   10.4001    -2.2319    -0.0613
   10.4101    -2.2324    -0.0569
   10.4201    -2.2330    -0.0524
   10.4301    -2.2335    -0.0479
   10.4401    -2.2340    -0.0435
   10.4501    -2.2344    -0.0390
   10.4601    -2.2347    -0.0345
   10.4701    -2.2351    -0.0301
   10.4801    -2.2353    -0.0256
   10.4901    -2.2356    -0.0211
   10.5001    -2.2358    -0.0166
   10.5101    -2.2359    -0.0122
   10.5201    -2.2360    -0.0077
   10.5301    -2.2361    -0.0032
   10.5401    -2.2361     0.0012
   10.5501    -2.2360     0.0057
   10.5601    -2.2360     0.0102
   10.5701    -2.2358     0.0147
   10.5801    -2.2357     0.0191
   10.5901    -2.2354     0.0236
   10.6001    -2.2352     0.0281
   10.6101    -2.2349     0.0325
   10.6201    -2.2345     0.0370
   10.6301    -2.2341     0.0415
   10.6401    -2.2337     0.0459
   10.6501    -2.2332     0.0504
   10.6601    -2.2327     0.0549
   10.6701    -2.2321     0.0593
   10.6801    -2.2315     0.0638
   10.6901    -2.2309     0.0683
   10.7001    -2.2301     0.0727
   10.7101    -2.2294     0.0772
   10.7201    -2.2286     0.0817
   10.7302    -2.2278     0.0861
   10.7402    -2.2269     0.0906
   10.7502    -2.2260     0.0950
   10.7602    -2.2250     0.0995
   10.7702    -2.2240     0.1039
   10.7802    -2.2229     0.1084
   10.7902    -2.2218     0.1128
   10.8002    -2.2206     0.1172
   10.8102    -2.2194     0.1217
   10.8202    -2.2182     0.1261
   10.8302    -2.2169     0.1306
   10.8402    -2.2156     0.1350
   10.8502    -2.2142     0.1394
   10.8602    -2.2128     0.1439
   10.8702    -2.2114     0.1483
   10.8802    -2.2098     0.1527
   10.8902    -2.2083     0.1571
   10.9002    -2.2067     0.1615
   10.9102    -2.2051     0.1659
   10.9202    -2.2034     0.1703
   10.9302    -2.2017     0.1748
   10.9402    -2.1999     0.1792
   10.9502    -2.1981     0.1836
   10.9602    -2.1962     0.1879
   10.9702    -2.1943     0.1923
   10.9802    -2.1924     0.1967
   10.9902    -2.1904     0.2011
   11.0002    -2.1883     0.2055
   11.0102    -2.1863     0.2099
   11.0202    -2.1842     0.2142
   11.0302    -2.1820     0.2186
   11.0402    -2.1798     0.2230
   11.0502    -2.1775     0.2273
   11.0602    -2.1752     0.2317
   11.0702    -2.1729     0.2360
   11.0802    -2.1705     0.2404
   11.0902    -2.1681     0.2447
   11.1002    -2.1656     0.2490
   11.1102    -2.1631     0.2534
   11.1202    -2.1606     0.2577
   11.1302    -2.1580     0.2620
   11.1402    -2.1553     0.2663
   11.1502    -2.1526     0.2706
   11.1602    -2.1499     0.2749
   11.1702    -2.1471     0.2792
   11.1802    -2.1443     0.2835
   11.1902    -2.1415     0.2878
   11.2002    -2.1386     0.2921
   11.2102    -2.1356     0.2964
   11.2202    -2.1326     0.3006
   11.2302    -2.1296     0.3049
   11.2402    -2.1265     0.3091
   11.2502    -2.1234     0.3134
   11.2602    -2.1203     0.3176
   11.2702    -2.1171     0.3219
   11.2802    -2.1138     0.3261
   11.2902    -2.1105     0.3303
   11.3002    -2.1072     0.3345
   11.3102    -2.1039     0.3388
   11.3202    -2.1004     0.3430
   11.3302    -2.0970     0.3472
   11.3402    -2.0935     0.3514
   11.3502    -2.0900     0.3555
   11.3602    -2.0864     0.3597
   11.3702    -2.0828     0.3639
   11.3802    -2.0791     0.3680
   11.3902    -2.0754     0.3722
   11.4002    -2.0717     0.3763
   11.4102    -2.0679     0.3805
   11.4202    -2.0641     0.3846
   11.4302    -2.0602     0.3887
   11.4402    -2.0563     0.3929
   11.4502    -2.0523     0.3970
   11.4602    -2.0483     0.4011
   11.4702    -2.0443     0.4052
   11.4802    -2.0402     0.4092
   11.4902    -2.0361     0.4133
   11.5002    -2.0320     0.4174
   11.5102    -2.0278     0.4214
   11.5202    -2.0236     0.4255
   11.5302    -2.0193     0.4295
   11.5402    -2.0150     0.4336
   11.5502    -2.0106     0.4376
   11.5602    -2.0062     0.4416
   11.5702    -2.0018     0.4456
   11.5802    -1.9973     0.4496
   11.5902    -1.9928     0.4536
   11.6002    -1.9882     0.4576
   11.6102    -1.9836     0.4616
   11.6202    -1.9790     0.4655
   11.6302    -1.9743     0.4695
   11.6402    -1.9696     0.4734
   11.6502    -1.9648     0.4774
   11.6602    -1.9601     0.4813
   11.6702    -1.9552     0.4852
   11.6802    -1.9504     0.4891
   11.6902    -1.9454     0.4930
   11.7002    -1.9405     0.4969
   11.7102    -1.9355     0.5008
   11.7202    -1.9305     0.5046
   11.7302    -1.9254     0.5085
   11.7402    -1.9203     0.5123
   11.7502    -1.9152     0.5162
   11.7602    -1.9100     0.5200
   11.7702    -1.9048     0.5238
   11.7802    -1.8995     0.5276
   11.7902    -1.8942     0.5314
   11.8002    -1.8889     0.5352
   11.8102    -1.8835     0.5390
   11.8202    -1.8781     0.5427
   11.8302    -1.8727     0.5465
   11.8402    -1.8672     0.5502
   11.8502    -1.8616     0.5539
   11.8602    -1.8561     0.5577
   11.8702    -1.8505     0.5614
   11.8802    -1.8449     0.5651
   11.8902    -1.8392     0.5687
   11.9002    -1.8335     0.5724
   11.9102    -1.8277     0.5761
   11.9202    -1.8220     0.5797
   11.9302    -1.8162     0.5834
   11.9402    -1.8103     0.5870
   11.9502    -1.8044     0.5906
   11.9602    -1.7985     0.5942
   11.9702    -1.7925     0.5978
   11.9802    -1.7865     0.6014
   11.9902    -1.7805     0.6049
   12.0002    -1.7744     0.6085
   12.0102    -1.7683     0.6120
   12.0202    -1.7622     0.6156
   12.0302    -1.7560     0.6191
   12.0402    -1.7498     0.6226
   12.0502    -1.7436     0.6261
   12.0602    -1.7373     0.6296
   12.0702    -1.7310     0.6330
   12.0802    -1.7246     0.6365
   12.0902    -1.7182     0.6399
   12.1002    -1.7118     0.6434
   12.1102    -1.7054     0.6468
   12.1202    -1.6989     0.6502
   12.1302    -1.6924     0.6536
   12.1402    -1.6858     0.6570
   12.1502    -1.6792     0.6603
   12.1602    -1.6726     0.6637
   12.1702    -1.6660     0.6670
   12.1802    -1.6593     0.6703
   12.1902    -1.6526     0.6737
   12.2002    -1.6458     0.6770
   12.2102    -1.6390     0.6802
   12.2202    -1.6322     0.6835
   12.2302    -1.6253     0.6868
   12.2402    -1.6185     0.6900
   12.2502    -1.6115     0.6932
   12.2602    -1.6046     0.6965
   12.2702    -1.5976     0.6997
   12.2802    -1.5906     0.7028
   12.2902    -1.5836     0.7060
   12.3002    -1.5765     0.7092
   12.3102    -1.5694     0.7123
   12.3202    -1.5622     0.7155
   12.3302    -1.5551     0.7186
   12.3402    -1.5479     0.7217
   12.3502    -1.5406     0.7248
   12.3602    -1.5334     0.7278
   12.3702    -1.5261     0.7309
   12.3802    -1.5188     0.7339
   12.3902    -1.5114     0.7370
   12.4002    -1.5040     0.7400
   12.4102    -1.4966     0.7430
   12.4202    -1.4892     0.7460
   12.4302    -1.4817     0.7489
   12.4402    -1.4742     0.7519
   12.4502    -1.4666     0.7548
   12.4602    -1.4591     0.7578
   12.4702    -1.4515     0.7607
   12.4802    -1.4439     0.7636
   12.4902    -1.4362     0.7665
   12.5002    -1.4285     0.7693
   12.5102    -1.4208     0.7722
   12.5202    -1.4131     0.7750
   12.5302    -1.4053     0.7778
   12.5402    -1.3975     0.7806
   12.5502    -1.3897     0.7834
   12.5602    -1.3819     0.7862
   12.5702    -1.3740     0.7889
   12.5802    -1.3661     0.7917
   12.5902    -1.3582     0.7944
   12.6002    -1.3502     0.7971
   12.6102    -1.3422     0.7998
   12.6202    -1.3342     0.8025
   12.6302    -1.3262     0.8051
   12.6402    -1.3181     0.8078
   12.6502    -1.3100     0.8104
   12.6602    -1.3019     0.8130
   12.6702    -1.2937     0.8156
   12.6802    -1.2856     0.8182
   12.6902    -1.2774     0.8208
   12.7002    -1.2692     0.8233
   12.7102    -1.2609     0.8258
   12.7202    -1.2526     0.8284
   12.7302    -1.2444     0.8309
   12.7402    -1.2360     0.8333
   12.7502    -1.2277     0.8358
   12.7602    -1.2193     0.8382
   12.7702    -1.2109     0.8407
   12.7802    -1.2025     0.8431
   12.7902    -1.1941     0.8455
   12.8002    -1.1856     0.8479
   12.8102    -1.1771     0.8502
   12.8202    -1.1686     0.8526
   12.8302    -1.1600     0.8549
   12.8402    -1.1515     0.8572
   12.8502    -1.1429     0.8595
   12.8602    -1.1343     0.8618
   12.8702    -1.1257     0.8640
   12.8802    -1.1170     0.8663
   12.8902    -1.1083     0.8685
   12.9002    -1.0996     0.8707
   12.9102    -1.0909     0.8729
   12.9202    -1.0822     0.8751
   12.9302    -1.0734     0.8772
   12.9402    -1.0646     0.8794
   12.9502    -1.0558     0.8815
   12.9602    -1.0470     0.8836
   12.9702    -1.0382     0.8857
   12.9802    -1.0293     0.8878
   12.9902    -1.0204     0.8898
   13.0002    -1.0115     0.8918
   13.0102    -1.0026     0.8938
   13.0202    -0.9936     0.8958
   13.0302    -0.9847     0.8978
   13.0402    -0.9757     0.8998
   13.0502    -0.9667     0.9017
   13.0602    -0.9576     0.9037
   13.0702    -0.9486     0.9056
   13.0802    -0.9395     0.9074
   13.0902    -0.9304     0.9093
   13.1002    -0.9213     0.9112
   13.1102    -0.9122     0.9130
   13.1202    -0.9031     0.9148
   13.1302    -0.8939     0.9166
   13.1402    -0.8847     0.9184
   13.1502    -0.8756     0.9202
   13.1602    -0.8663     0.9219
   13.1702    -0.8571     0.9236
   13.1802    -0.8479     0.9253
   13.1902    -0.8386     0.9270
   13.2002    -0.8293     0.9287
   13.2102    -0.8200     0.9303
   13.2202    -0.8107     0.9320
   13.2302    -0.8014     0.9336
   13.2402    -0.7921     0.9352
   13.2502    -0.7827     0.9367
   13.2602    -0.7733     0.9383
   13.2702    -0.7639     0.9398
   13.2802    -0.7545     0.9413
   13.2902    -0.7451     0.9428
   13.3002    -0.7357     0.9443
   13.3102    -0.7262     0.9458
   13.3202    -0.7168     0.9472
   13.3302    -0.7073     0.9487
   13.3402    -0.6978     0.9501
   13.3502    -0.6883     0.9514
   13.3602    -0.6787     0.9528
   13.3702    -0.6692     0.9542
   13.3802    -0.6597     0.9555
   13.3902    -0.6501     0.9568
   13.4002    -0.6405     0.9581
   13.4102    -0.6309     0.9594
   13.4202    -0.6213     0.9606
   13.4302    -0.6117     0.9619
   13.4402    -0.6021     0.9631
   13.4502    -0.5925     0.9643
   13.4602    -0.5828     0.9654
   13.4702    -0.5732     0.9666
   13.4802    -0.5635     0.9677
   13.4902    -0.5538     0.9688
   13.5002    -0.5441     0.9699
   13.5102    -0.5344     0.9710
   13.5202    -0.5247     0.9721
   13.5302    -0.5150     0.9731
   13.5402    -0.5052     0.9741
   13.5502    -0.4955     0.9751
   13.5602    -0.4857     0.9761
   13.5702    -0.4760     0.9771
   13.5802    -0.4662     0.9780
   13.5902    -0.4564     0.9789
   13.6002    -0.4466     0.9799
   13.6102    -0.4368     0.9807
   13.6202    -0.4270     0.9816
   13.6302    -0.4172     0.9824
   13.6402    -0.4073     0.9833
   13.6502    -0.3975     0.9841
   13.6602    -0.3877     0.9849
   13.6702    -0.3778     0.9856
   13.6802    -0.3679     0.9864
   13.6902    -0.3581     0.9871
   13.7002    -0.3482     0.9878
   13.7102    -0.3383     0.9885
   13.7202    -0.3284     0.9892
   13.7302    -0.3185     0.9898
   13.7402    -0.3086     0.9904
   13.7502    -0.2987     0.9910
   13.7602    -0.2888     0.9916
   13.7702    -0.2789     0.9922
   13.7802    -0.2690     0.9927
   13.7902    -0.2590     0.9933
   13.8002    -0.2491     0.9938
   13.8102    -0.2392     0.9943
   13.8202    -0.2292     0.9947
   13.8302    -0.2193     0.9952
   13.8402    -0.2093     0.9956
   13.8502    -0.1994     0.9960
   13.8602    -0.1894     0.9964
   13.8702    -0.1794     0.9968
   13.8802    -0.1695     0.9971
   13.8902    -0.1595     0.9975
   13.9002    -0.1495     0.9978
   13.9102    -0.1395     0.9981
   13.9202    -0.1296     0.9983
   13.9302    -0.1196     0.9986
   13.9402    -0.1096     0.9988
   13.9502    -0.0996     0.9990
   13.9602    -0.0896     0.9992
   13.9702    -0.0796     0.9994
   13.9802    -0.0696     0.9995
   13.9902    -0.0596     0.9996
   14.0002    -0.0496     0.9998
   14.0102    -0.0396     0.9998
   14.0202    -0.0296     0.9999
   14.0302    -0.0196     1.0000
   14.0402    -0.0096     1.0000
   14.0502     0.0004     1.0000
   14.0602     0.0104     1.0000
   14.0702     0.0204     1.0000
   14.0802     0.0304     0.9999
   14.0902     0.0404     0.9998
   14.1002     0.0504     0.9997
   14.1102     0.0604     0.9996
   14.1202     0.0704     0.9995
   14.1302     0.0804     0.9994
   14.1402     0.0903     0.9992
   14.1502     0.1003     0.9990
   14.1602     0.1103     0.9988
   14.1702     0.1203     0.9986
   14.1802     0.1303     0.9983
   14.1902     0.1403     0.9980
   14.2002     0.1503     0.9977
   14.2102     0.1602     0.9974
   14.2202     0.1702     0.9971
   14.2302     0.1802     0.9967
   14.2402     0.1901     0.9964
   14.2502     0.2001     0.9960
   14.2602     0.2101     0.9956
   14.2702     0.2200     0.9951
   14.2802     0.2300     0.9947
   14.2902     0.2399     0.9942
   14.3002     0.2498     0.9937
   14.3102     0.2598     0.9932
   14.3202     0.2697     0.9927
   14.3302     0.2796     0.9921
   14.3402     0.2896     0.9916
   14.3502     0.2995     0.9910
   14.3602     0.3094     0.9904
   14.3702     0.3193     0.9898
   14.3802     0.3292     0.9891
   14.3902     0.3391     0.9884
   14.4002     0.3489     0.9877
   14.4102     0.3588     0.9870
   14.4202     0.3687     0.9863
   14.4302     0.3785     0.9856
   14.4402     0.3884     0.9848
   14.4502     0.3982     0.9840
   14.4602     0.4081     0.9832
   14.4702     0.4179     0.9824
   14.4802     0.4277     0.9815
   14.4902     0.4375     0.9807
   14.5002     0.4473     0.9798
   14.5102     0.4571     0.9789
   14.5202     0.4669     0.9780
   14.5302     0.4767     0.9770
   14.5402     0.4864     0.9760
   14.5502     0.4962     0.9751
   14.5602     0.5060     0.9741
   14.5702     0.5157     0.9730
   14.5802     0.5254     0.9720
   14.5902     0.5351     0.9709
   14.6002     0.5448     0.9699
   14.6102     0.5545     0.9688
   14.6202     0.5642     0.9676
   14.6302     0.5739     0.9665
   14.6402     0.5835     0.9653
   14.6502     0.5932     0.9642
   14.6602     0.6028     0.9630
   14.6702     0.6124     0.9618
   14.6802     0.6221     0.9605
   14.6902     0.6317     0.9593
   14.7002     0.6412     0.9580
   14.7102     0.6508     0.9567
   14.7202     0.6604     0.9554
   14.7302     0.6699     0.9541
   14.7402     0.6795     0.9527
   14.7502     0.6890     0.9513
   14.7602     0.6985     0.9500
   14.7702     0.7080     0.9486
   14.7802     0.7175     0.9471
   14.7902     0.7269     0.9457
   14.8002     0.7364     0.9442
   14.8102     0.7458     0.9427
   14.8202     0.7552     0.9412
   14.8302     0.7646     0.9397
   14.8402     0.7740     0.9382
   14.8502     0.7834     0.9366
   14.8602     0.7927     0.9350
   14.8702     0.8021     0.9335
   14.8802     0.8114     0.9318
   14.8902     0.8207     0.9302
   14.9002     0.8300     0.9286
   14.9102     0.8393     0.9269
   14.9202     0.8486     0.9252
   14.9302     0.8578     0.9235
   14.9402     0.8670     0.9218
   14.9502     0.8762     0.9200
   14.9602     0.8854     0.9183
   14.9702     0.8946     0.9165
   14.9802     0.9038     0.9147
   14.9902     0.9129     0.9129
   15.0002     0.9220     0.9110
   15.0102     0.9311     0.9092
   15.0202     0.9402     0.9073
   15.0302     0.9493     0.9054
   15.0402     0.9583     0.9035
   15.0502     0.9673     0.9016
   15.0602     0.9763     0.8996
   15.0702     0.9853     0.8977
   15.0802     0.9943     0.8957
   15.0903     1.0032     0.8937
   15.1003     1.0122     0.8917
   15.1103     1.0211     0.8897
   15.1203     1.0300     0.8876
   15.1303     1.0388     0.8855
   15.1403     1.0477     0.8834
   15.1503     1.0565     0.8813
   15.1603     1.0653     0.8792
   15.1703     1.0741     0.8771
   15.1803     1.0828     0.8749
   15.1903     1.0916     0.8727
   15.2003     1.1003     0.8706
   15.2103     1.1090     0.8683
   15.2203     1.1177     0.8661
   15.2303     1.1263     0.8639
   15.2403     1.1349     0.8616
   15.2503     1.1435     0.8593
   15.2603     1.1521     0.8570
   15.2703     1.1607     0.8547
   15.2803     1.1692     0.8524
   15.2903     1.1777     0.8501
   15.3003     1.1862     0.8477
   15.3103     1.1947     0.8453
   15.3203     1.2031     0.8429
   15.3303     1.2115     0.8405
   15.3403     1.2199     0.8381
   15.3503     1.2283     0.8356
   15.3603     1.2366     0.8332
   15.3703     1.2450     0.8307
   15.3803     1.2533     0.8282
   15.3903     1.2615     0.8257
   15.4003     1.2698     0.8231
   15.4103     1.2780     0.8206
   15.4203     1.2862     0.8180
   15.4303     1.2944     0.8154
   15.4403     1.3025     0.8128
   15.4503     1.3106     0.8102
   15.4603     1.3187     0.8076
   15.4703     1.3268     0.8049
   15.4803     1.3348     0.8023
   15.4903     1.3428     0.7996
   15.5003     1.3508     0.7969
   15.5103     1.3587     0.7942
   15.5203     1.3667     0.7915
   15.5303     1.3746     0.7887
   15.5403     1.3824     0.7860
   15.5503     1.3903     0.7832
   15.5603     1.3981     0.7804
   15.5703     1.4059     0.7776
   15.5803     1.4137     0.7748
   15.5903     1.4214     0.7720
   15.6003     1.4291     0.7691
   15.6103     1.4368     0.7662
   15.6203     1.4444     0.7634
   15.6303     1.4520     0.7605
   15.6403     1.4596     0.7576
   15.6503     1.4672     0.7546
   15.6603     1.4747     0.7517
   15.6703     1.4822     0.7487
   15.6803     1.4897     0.7458
   15.6903     1.4971     0.7428
   15.7003     1.5046     0.7398
   15.7103     1.5119     0.7368
   15.7203     1.5193     0.7337
   15.7303     1.5266     0.7307
   15.7403     1.5339     0.7276
   15.7503     1.5412     0.7245
   15.7603     1.5484     0.7215
   15.7703     1.5556     0.7183
   15.7803     1.5628     0.7152
   15.7903     1.5699     0.7121
   15.8003     1.5770     0.7089
   15.8103     1.5841     0.7058
   15.8203     1.5911     0.7026
   15.8303     1.5981     0.6994
   15.8403     1.6051     0.6962
   15.8503     1.6121     0.6930
   15.8603     1.6190     0.6898
   15.8703     1.6259     0.6865
   15.8803     1.6327     0.6833
   15.8903     1.6395     0.6800
   15.9003     1.6463     0.6767
   15.9103     1.6531     0.6734
   15.9203     1.6598     0.6701
   15.9303     1.6665     0.6668
   15.9403     1.6731     0.6634
   15.9503     1.6797     0.6601
   15.9603     1.6863     0.6567
   15.9703     1.6929     0.6533
   15.9803     1.6994     0.6499
   15.9903     1.7059     0.6465
   16.0003     1.7123     0.6431
   16.0103     1.7187     0.6397
   16.0203     1.7251     0.6362
   16.0303     1.7314     0.6328
   16.0403     1.7378     0.6293
   16.0503     1.7440     0.6258
   16.0603     1.7503     0.6223
   16.0703     1.7565     0.6188
   16.0803     1.7626     0.6153
   16.0903     1.7688     0.6118
   16.1003     1.7749     0.6082
   16.1103     1.7809     0.6047
   16.1203     1.7870     0.6011
   16.1303     1.7930     0.5975
   16.1403     1.7989     0.5939
   16.1503     1.8048     0.5903
   16.1603     1.8107     0.5867
   16.1703     1.8166     0.5831
   16.1803     1.8224     0.5795
   16.1903     1.8282     0.5758
   16.2003     1.8339     0.5721
   16.2103     1.8396     0.5685
   16.2203     1.8453     0.5648
   16.2303     1.8509     0.5611
   16.2403     1.8565     0.5574
   16.2503     1.8621     0.5537
   16.2603     1.8676     0.5499
   16.2703     1.8731     0.5462
   16.2803     1.8785     0.5424
   16.2903     1.8839     0.5387
   16.3003     1.8893     0.5349
   16.3103     1.8946     0.5311
   16.3203     1.8999     0.5273
   16.3303     1.9052     0.5235
   16.3403     1.9104     0.5197
   16.3503     1.9155     0.5159
   16.3603     1.9207     0.5120
   16.3703     1.9258     0.5082
   16.3803     1.9308     0.5043
   16.3903     1.9359     0.5005
   16.4003     1.9409     0.4966
   16.4103     1.9458     0.4927
   16.4203     1.9507     0.4888
   16.4303     1.9556     0.4849
   16.4403     1.9604     0.4810
   16.4503     1.9652     0.4771
   16.4603     1.9700     0.4731
   16.4703     1.9747     0.4692
   16.4803     1.9793     0.4652
   16.4903     1.9840     0.4613
   16.5003     1.9886     0.4573
   16.5103     1.9931     0.4533
   16.5203     1.9976     0.4493
   16.5303     2.0021     0.4453
   16.5403     2.0065     0.4413
   16.5503     2.0109     0.4373
   16.5603     2.0153     0.4333
   16.5703     2.0196     0.4292
   16.5803     2.0239     0.4252
   16.5903     2.0281     0.4211
   16.6003     2.0323     0.4171
   16.6103     2.0364     0.4130
   16.6203     2.0405     0.4089
   16.6303     2.0446     0.4049
   16.6403     2.0486     0.4008
   16.6503     2.0526     0.3967
   16.6603     2.0566     0.3926
   16.6703     2.0605     0.3884
   16.6803     2.0643     0.3843
   16.6903     2.0682     0.3802
   16.7003     2.0720     0.3760
   16.7103     2.0757     0.3719
   16.7203     2.0794     0.3677
   16.7303     2.0830     0.3636
   16.7403     2.0867     0.3594
   16.7503     2.0902     0.3552
   16.7603     2.0938     0.3510
   16.7703     2.0973     0.3468
   16.7803     2.1007     0.3427
   16.7903     2.1041     0.3384
   16.8003     2.1075     0.3342
   16.8103     2.1108     0.3300
   16.8203     2.1141     0.3258
   16.8303     2.1173     0.3216
   16.8403     2.1205     0.3173
   16.8503     2.1237     0.3131
   16.8603     2.1268     0.3088
   16.8703     2.1298     0.3046
   16.8803     2.1329     0.3003
   16.8903     2.1358     0.2960
   16.9003     2.1388     0.2918
   16.9103     2.1417     0.2875
   16.9203     2.1445     0.2832
   16.9303     2.1473     0.2789
   16.9403     2.1501     0.2746
   16.9503     2.1528     0.2703
   16.9603     2.1555     0.2660
   16.9703     2.1581     0.2617
   16.9803     2.1607     0.2574
   16.9903     2.1633     0.2530
   17.0003     2.1658     0.2487
   17.0103     2.1683     0.2444
   17.0203     2.1707     0.2400
   17.0303     2.1731     0.2357
   17.0403     2.1754     0.2313
   17.0503     2.1777     0.2270
   17.0603     2.1799     0.2226
   17.0703     2.1821     0.2183
   17.0803     2.1843     0.2139
   17.0903     2.1864     0.2095
   17.1003     2.1885     0.2052
   17.1103     2.1905     0.2008
   17.1203     2.1925     0.1964
   17.1303     2.1945     0.1920
   17.1403     2.1964     0.1876
   17.1503     2.1982     0.1832
   17.1603     2.2000     0.1788
   17.1703     2.2018     0.1744
   17.1803     2.2035     0.1700
   17.1903     2.2052     0.1656
   17.2003     2.2068     0.1612
   17.2103     2.2084     0.1568
   17.2203     2.2100     0.1524
   17.2303     2.2115     0.1479
   17.2403     2.2129     0.1435
   17.2503     2.2143     0.1391
   17.2603     2.2157     0.1347
   17.2703     2.2170     0.1302
   17.2803     2.2183     0.1258
   17.2903     2.2195     0.1214
   17.3003     2.2207     0.1169
   17.3103     2.2219     0.1125
   17.3203     2.2230     0.1080
   17.3303     2.2240     0.1036
   17.3403     2.2251     0.0991
   17.3503     2.2260     0.0947
   17.3603     2.2269     0.0902
   17.3703     2.2278     0.0858
   17.3803     2.2287     0.0813
   17.3903     2.2295     0.0769
   17.4003     2.2302     0.0724
   17.4103     2.2309     0.0679
   17.4203     2.2316     0.0635
   17.4303     2.2322     0.0590
   17.4403     2.2327     0.0545
   17.4503     2.2333     0.0501
   17.4603     2.2337     0.0456
   17.4703     2.2342     0.0411
   17.4803     2.2346     0.0367
   17.4903     2.2349     0.0322
   17.5003     2.2352     0.0277
   17.5103     2.2355     0.0233
   17.5203     2.2357     0.0188
   17.5303     2.2358     0.0143
   17.5403     2.2360     0.0099
   17.5503     2.2360     0.0054
   17.5603     2.2361     0.0009
   17.5703     2.2361    -0.0036
   17.5803     2.2360    -0.0080
   17.5903     2.2359    -0.0125
   17.6003     2.2357    -0.0170
   17.6103     2.2356    -0.0214
   17.6203     2.2353    -0.0259
   17.6303     2.2350    -0.0304
   17.6403     2.2347    -0.0349
   17.6503     2.2343    -0.0393
   17.6603     2.2339    -0.0438
   17.6703     2.2335    -0.0483
   17.6803     2.2330    -0.0527
   17.6903     2.2324    -0.0572
   17.7003     2.2318    -0.0617
   17.7103     2.2312    -0.0661
   17.7203     2.2305    -0.0706
   17.7303     2.2298    -0.0750
   17.7403     2.2290    -0.0795
   17.7503     2.2282    -0.0840
   17.7603     2.2273    -0.0884
   17.7703     2.2264    -0.0929
   17.7803     2.2255    -0.0973
   17.7903     2.2245    -0.1018
   17.8003     2.2234    -0.1062
   17.8103     2.2223    -0.1107
   17.8203     2.2212    -0.1151
   17.8303     2.2200    -0.1196
   17.8403     2.2188    -0.1240
   17.8503     2.2176    -0.1284
   17.8603     2.2162    -0.1329
   17.8703     2.2149    -0.1373
   17.8803     2.2135    -0.1417
   17.8903     2.2121    -0.1461
   17.9003     2.2106    -0.1506
   17.9103     2.2090    -0.1550
   17.9203     2.2075    -0.1594
   17.9303     2.2059    -0.1638
   17.9403     2.2042    -0.1682
   17.9503     2.2025    -0.1726
   17.9603     2.2007    -0.1770
   17.9703     2.1990    -0.1814
   17.9803     2.1971    -0.1858
   17.9903     2.1952    -0.1902
   18.0003     2.1933    -0.1946
   18.0103     2.1913    -0.1990
   18.0203     2.1893    -0.2034
   18.0303     2.1873    -0.2078
   18.0403     2.1852    -0.2121
   18.0503     2.1830    -0.2165
   18.0603     2.1808    -0.2209
   18.0703     2.1786    -0.2252
   18.0803     2.1763    -0.2296
   18.0903     2.1740    -0.2339
   18.1003     2.1717    -0.2383
   18.1103     2.1693    -0.2426
   18.1203     2.1668    -0.2469
   18.1303     2.1643    -0.2513
   18.1403     2.1618    -0.2556
   18.1503     2.1592    -0.2599
   18.1603     2.1566    -0.2642
   18.1703     2.1539    -0.2686
   18.1803     2.1512    -0.2729
   18.1903     2.1485    -0.2772
   18.2003     2.1457    -0.2815
   18.2103     2.1428    -0.2857
   18.2203     2.1400    -0.2900
   18.2303     2.1370    -0.2943
   18.2403     2.1341    -0.2986
   18.2503     2.1311    -0.3028
   18.2603     2.1280    -0.3071
   18.2703     2.1249    -0.3113
   18.2803     2.1218    -0.3156
   18.2903     2.1186    -0.3198
   18.3003     2.1154    -0.3241
   18.3103     2.1121    -0.3283
   18.3203     2.1088    -0.3325
   18.3303     2.1055    -0.3367
   18.3403     2.1021    -0.3409
   18.3503     2.0987    -0.3451
   18.3603     2.0952    -0.3493
   18.3703     2.0917    -0.3535
   18.3803     2.0881    -0.3577
   18.3903     2.0845    -0.3619
   18.4003     2.0809    -0.3660
   18.4103     2.0772    -0.3702
   18.4203     2.0735    -0.3743
   18.4303     2.0697    -0.3785
   18.4403     2.0659    -0.3826
   18.4503     2.0621    -0.3868
   18.4603     2.0582    -0.3909
   18.4703     2.0542    -0.3950
   18.4803     2.0503    -0.3991
   18.4903     2.0463    -0.4032
   18.5003     2.0422    -0.4073
   18.5103     2.0381    -0.4114
   18.5203     2.0340    -0.4154
   18.5303     2.0298    -0.4195
   18.5403     2.0256    -0.4235
   18.5503     2.0213    -0.4276
   18.5603     2.0170    -0.4316
   18.5703     2.0127    -0.4357
   18.5803     2.0083    -0.4397
   18.5903     2.0039    -0.4437
   18.6003     1.9995    -0.4477
   18.6103     1.9950    -0.4517
   18.6203     1.9904    -0.4557
   18.6303     1.9858    -0.4597
   18.6403     1.9812    -0.4636
   18.6503     1.9766    -0.4676
   18.6603     1.9719    -0.4715
   18.6703     1.9671    -0.4755
   18.6803     1.9624    -0.4794
   18.6903     1.9576    -0.4833
   18.7003     1.9527    -0.4872
   18.7103     1.9478    -0.4911
   18.7203     1.9429    -0.4950
   18.7303     1.9379    -0.4989
   18.7403     1.9329    -0.5028
   18.7503     1.9279    -0.5066
   18.7603     1.9228    -0.5105
   18.7703     1.9176    -0.5143
   18.7803     1.9125    -0.5182
   18.7903     1.9073    -0.5220
   18.8003     1.9020    -0.5258
   18.8103     1.8968    -0.5296
   18.8203     1.8915    -0.5334
   18.8303     1.8861    -0.5371
   18.8403     1.8807    -0.5409
   18.8503     1.8753    -0.5447
   18.8603     1.8698    -0.5484
   18.8703     1.8643    -0.5521
   18.8803     1.8588    -0.5559
   18.8903     1.8532    -0.5596
   18.9003     1.8476    -0.5633
   18.9103     1.8419    -0.5670
   18.9203     1.8362    -0.5707
   18.9303     1.8305    -0.5743
   18.9403     1.8248    -0.5780
   18.9503     1.8190    -0.5816
   18.9603     1.8131    -0.5852
   18.9703     1.8073    -0.5889
   18.9803     1.8013    -0.5925
   18.9903     1.7954    -0.5961
   19.0003     1.7894    -0.5997
   19.0103     1.7834    -0.6032
   19.0203     1.7774    -0.6068
   19.0303     1.7713    -0.6103
   19.0403     1.7652    -0.6139
   19.0503     1.7590    -0.6174
   19.0603     1.7528    -0.6209
   19.0703     1.7466    -0.6244
   19.0803     1.7403    -0.6279
   19.0903     1.7340    -0.6314
   19.1003     1.7277    -0.6348
   19.1103     1.7213    -0.6383
   19.1203     1.7149    -0.6417
   19.1303     1.7085    -0.6451
   19.1403     1.7020    -0.6486
   19.1503     1.6955    -0.6520
   19.1603     1.6890    -0.6553
   19.1703     1.6824    -0.6587
   19.1803     1.6758    -0.6621
   19.1903     1.6692    -0.6654
   19.2003     1.6625    -0.6687
   19.2103     1.6558    -0.6721
   19.2203     1.6491    -0.6754
   19.2303     1.6423    -0.6787
   19.2403     1.6355    -0.6819
   19.2503     1.6286    -0.6852
   19.2603     1.6218    -0.6885
   19.2703     1.6149    -0.6917
   19.2803     1.6079    -0.6949
   19.2903     1.6010    -0.6981
   19.3003     1.5940    -0.7013
   19.3103     1.5870    -0.7045
   19.3203     1.5799    -0.7077
   19.3303     1.5728    -0.7108
   19.3403     1.5657    -0.7140
   19.3503     1.5585    -0.7171
   19.3603     1.5513    -0.7202
   19.3703     1.5441    -0.7233
   19.3803     1.5369    -0.7264
   19.3903     1.5296    -0.7294
   19.4003     1.5223    -0.7325
   19.4103     1.5149    -0.7355
   19.4203     1.5076    -0.7385
   19.4303     1.5002    -0.7415
   19.4403     1.4927    -0.7445
   19.4503     1.4853    -0.7475
   19.4604     1.4778    -0.7505
   19.4704     1.4703    -0.7534
   19.4804     1.4627    -0.7564
   19.4904     1.4551    -0.7593
   19.5004     1.4475    -0.7622
   19.5104     1.4399    -0.7651
   19.5204     1.4322    -0.7679
   19.5304     1.4245    -0.7708
   19.5404     1.4168    -0.7736
   19.5504     1.4091    -0.7765
   19.5604     1.4013    -0.7793
   19.5704     1.3935    -0.7821
   19.5804     1.3856    -0.7849
   19.5904     1.3778    -0.7876
   19.6004     1.3699    -0.7904
   19.6104     1.3620    -0.7931
   19.6204     1.3540    -0.7958
   19.6304     1.3461    -0.7985
   19.6404     1.3381    -0.8012
   19.6504     1.3300    -0.8039
   19.6604     1.3220    -0.8065
   19.6704     1.3139    -0.8092
   19.6804     1.3058    -0.8118
   19.6904     1.2977    -0.8144
   19.7004     1.2895    -0.8170
   19.7104     1.2813    -0.8195
   19.7204     1.2731    -0.8221
   19.7304     1.2649    -0.8246
   19.7404     1.2566    -0.8271
   19.7504     1.2483    -0.8297
   19.7604     1.2400    -0.8321
   19.7704     1.2317    -0.8346
   19.7804     1.2233    -0.8371
   19.7904     1.2150    -0.8395
   19.8004     1.2066    -0.8419
   19.8104     1.1981    -0.8443
   19.8204     1.1897    -0.8467
   19.8304     1.1812    -0.8491
   19.8404     1.1727    -0.8514
   19.8504     1.1642    -0.8538
   19.8604     1.1556    -0.8561
   19.8704     1.1470    -0.8584
   19.8804     1.1384    -0.8607
   19.8904     1.1298    -0.8630
   19.9004     1.1212    -0.8652
   19.9104     1.1125    -0.8674
   19.9204     1.1038    -0.8697
   19.9304     1.0951    -0.8719
   19.9404     1.0864    -0.8740
   19.9504     1.0776    -0.8762
   19.9604     1.0689    -0.8784
   19.9704     1.0601    -0.8805
   19.9804     1.0513    -0.8826
   19.9904     1.0424    -0.8847
   20.0004     1.0336    -0.8868
