    0.0000     0.5000     0.0000
    0.0100     0.5000     0.0046
    0.0200     0.5001     0.0093
    0.0300     0.5002     0.0139
    0.0400     0.5004     0.0185
    0.0500     0.5006     0.0231
    0.0600     0.5008     0.0278
    0.0700     0.5011     0.0324
    0.0800     0.5015     0.0370
    0.0900     0.5019     0.0417
    0.1000     0.5023     0.0463
    0.1100     0.5028     0.0510
    0.1200     0.5033     0.0556
    0.1300     0.5039     0.0603
    0.1400     0.5045     0.0649
    0.1500     0.5052     0.0696
    0.1600     0.5059     0.0743
    0.1700     0.5067     0.0789
    0.1800     0.5075     0.0836
    0.1900     0.5084     0.0883
    0.2000     0.5093     0.0930
    0.2100     0.5102     0.0977
    0.2200     0.5112     0.1024
    0.2300     0.5123     0.1072
    0.2400     0.5134     0.1119
    0.2500     0.5145     0.1166
    0.2600     0.5157     0.1214
    0.2700     0.5169     0.1262
    0.2800     0.5182     0.1309
    0.2900     0.5196     0.1357
    0.3000     0.5209     0.1405
    0.3100     0.5224     0.1453
    0.3200     0.5239     0.1502
    0.3300     0.5254     0.1550
    0.3400     0.5270     0.1598
    0.3500     0.5286     0.1647
    0.3600     0.5302     0.1696
    0.3700     0.5320     0.1745
    0.3800     0.5337     0.1794
    0.3900     0.5356     0.1843
    0.4000     0.5374     0.1892
    0.4100     0.5393     0.1942
    0.4200     0.5413     0.1991
    0.4300     0.5433     0.2041
    0.4400     0.5454     0.2091
    0.4500     0.5475     0.2141
    0.4600     0.5497     0.2192
    0.4700     0.5519     0.2242
    0.4800     0.5542     0.2293
    0.4900     0.5565     0.2344
    0.5000     0.5588     0.2395
    0.5100     0.5613     0.2446
    0.5200     0.5637     0.2498
    0.5300     0.5663     0.2549
    0.5400     0.5688     0.2601
    0.5500     0.5715     0.2653
    0.5600     0.5741     0.2706
    0.5700     0.5769     0.2758
    0.5800     0.5797     0.2811
    0.5900     0.5825     0.2864
    0.6000     0.5854     0.2917
    0.6100     0.5883     0.2971
    0.6200     0.5913     0.3025
    0.6300     0.5944     0.3079
    0.6400     0.5975     0.3133
    0.6500     0.6006     0.3187
    0.6600     0.6039     0.3242
    0.6700     0.6071     0.3297
    0.6800     0.6105     0.3353
    0.6900     0.6138     0.3408
    0.7000     0.6173     0.3464
    0.7100     0.6208     0.3520
    0.7200     0.6243     0.3577
    0.7300     0.6279     0.3633
    0.7400     0.6316     0.3690
    0.7500     0.6353     0.3748
    0.7600     0.6391     0.3805
    0.7700     0.6429     0.3863
    0.7800     0.6468     0.3922
    0.7900     0.6507     0.3980
    0.8000     0.6548     0.4039
    0.8100     0.6588     0.4098
    0.8200     0.6630     0.4158
    0.8300     0.6671     0.4218
    0.8400     0.6714     0.4278
    0.8500     0.6757     0.4338
    0.8600     0.6801     0.4399
    0.8700     0.6845     0.4461
    0.8800     0.6890     0.4522
    0.8900     0.6935     0.4584
    0.9000     0.6982     0.4646
    0.9100     0.7028     0.4709
    0.9200     0.7076     0.4772
    0.9300     0.7124     0.4836
    0.9400     0.7172     0.4899
    0.9500     0.7222     0.4964
    0.9600     0.7272     0.5028
    0.9700     0.7322     0.5093
    0.9800     0.7374     0.5159
    0.9900     0.7426     0.5224
    1.0000     0.7478     0.5291
    1.0100     0.7531     0.5357
    1.0200     0.7585     0.5424
    1.0300     0.7640     0.5492
    1.0400     0.7695     0.5559
    1.0500     0.7751     0.5628
    1.0600     0.7808     0.5696
    1.0700     0.7865     0.5766
    1.0800     0.7923     0.5835
    1.0900     0.7982     0.5905
    1.1000     0.8041     0.5976
    1.1100     0.8101     0.6047
    1.1200     0.8162     0.6118
    1.1300     0.8224     0.6190
    1.1400     0.8286     0.6262
    1.1500     0.8349     0.6335
    1.1600     0.8412     0.6408
    1.1700     0.8477     0.6482
    1.1800     0.8542     0.6556
    1.1900     0.8608     0.6631
    1.2000     0.8675     0.6706
    1.2100     0.8742     0.6782
    1.2200     0.8810     0.6858
    1.2300     0.8879     0.6935
    1.2400     0.8949     0.7012
    1.2500     0.9020     0.7090
    1.2600     0.9091     0.7168
    1.2700     0.9163     0.7247
    1.2800     0.9236     0.7326
    1.2900     0.9309     0.7406
    1.3000     0.9384     0.7486
    1.3100     0.9459     0.7567
    1.3200     0.9535     0.7649
    1.3300     0.9612     0.7731
    1.3400     0.9690     0.7813
    1.3500     0.9768     0.7896
    1.3600     0.9848     0.7980
    1.3700     0.9928     0.8064
    1.3800     1.0009     0.8149
    1.3900     1.0091     0.8234
    1.4000     1.0174     0.8320
    1.4100     1.0257     0.8407
    1.4200     1.0342     0.8494
    1.4300     1.0427     0.8581
    1.4400     1.0514     0.8670
    1.4500     1.0601     0.8759
    1.4600     1.0689     0.8848
    1.4700     1.0778     0.8938
    1.4800     1.0868     0.9029
    1.4900     1.0958     0.9120
    1.5000     1.1050     0.9212
    1.5100     1.1142     0.9304
    1.5200     1.1236     0.9397
    1.5300     1.1330     0.9491
    1.5400     1.1426     0.9586
    1.5500     1.1522     0.9681
    1.5600     1.1619     0.9776
    1.5700     1.1718     0.9872
    1.5800     1.1817     0.9969
    1.5900     1.1917     1.0067
    1.6000     1.2018     1.0165
    1.6100     1.2120     1.0264
    1.6200     1.2224     1.0363
    1.6300     1.2328     1.0464
    1.6400     1.2433     1.0564
    1.6500     1.2539     1.0666
    1.6600     1.2646     1.0768
    1.6700     1.2754     1.0871
    1.6800     1.2864     1.0974
    1.6900     1.2974     1.1078
    1.7000     1.3085     1.1183
    1.7100     1.3197     1.1289
    1.7200     1.3311     1.1395
    1.7300     1.3425     1.1502
    1.7400     1.3541     1.1609
    1.7500     1.3658     1.1718
    1.7600     1.3775     1.1827
    1.7700     1.3894     1.1936
    1.7800     1.4014     1.2047
    1.7900     1.4135     1.2158
    1.8000     1.4257     1.2269
    1.8100     1.4380     1.2382
    1.8200     1.4505     1.2495
    1.8300     1.4630     1.2609
    1.8400     1.4757     1.2723
    1.8500     1.4885     1.2839
    1.8600     1.5014     1.2955
    1.8700     1.5144     1.3071
    1.8800     1.5275     1.3189
    1.8900     1.5408     1.3307
    1.9000     1.5541     1.3426
    1.9100     1.5676     1.3545
    1.9200     1.5812     1.3665
    1.9300     1.5949     1.3786
    1.9400     1.6088     1.3908
    1.9500     1.6228     1.4030
    1.9600     1.6369     1.4154
    1.9700     1.6511     1.4277
    1.9800     1.6654     1.4402
    1.9900     1.6799     1.4527
    2.0000     1.6945     1.4653
    2.0100     1.7092     1.4780
    2.0200     1.7240     1.4907
    2.0300     1.7390     1.5036
    2.0400     1.7541     1.5165
    2.0500     1.7693     1.5294
    2.0600     1.7847     1.5425
    2.0700     1.8002     1.5556
    2.0800     1.8158     1.5687
    2.0900     1.8315     1.5820
    2.1000     1.8474     1.5953
    2.1100     1.8635     1.6087
    2.1200     1.8796     1.6222
    2.1300     1.8959     1.6357
    2.1400     1.9123     1.6493
    2.1500     1.9289     1.6630
    2.1600     1.9456     1.6767
    2.1700     1.9624     1.6905
    2.1800     1.9794     1.7044
    2.1900     1.9965     1.7183
    2.2000     2.0138     1.7324
    2.2100     2.0312     1.7465
    2.2200     2.0487     1.7606
    2.2300     2.0664     1.7748
    2.2400     2.0842     1.7891
    2.2500     2.1021     1.8035
    2.2600     2.1203     1.8179
    2.2700     2.1385     1.8324
    2.2800     2.1569     1.8470
    2.2900     2.1754     1.8616
    2.3000     2.1941     1.8763
    2.3100     2.2130     1.8910
    2.3200     2.2320     1.9058
    2.3300     2.2511     1.9207
    2.3400     2.2704     1.9357
    2.3500     2.2898     1.9507
    2.3600     2.3094     1.9657
    2.3700     2.3291     1.9809
    2.3800     2.3490     1.9960
    2.3900     2.3690     2.0113
    2.4000     2.3892     2.0266
    2.4100     2.4096     2.0419
    2.4200     2.4301     2.0574
    2.4300     2.4507     2.0728
    2.4400     2.4715     2.0884
    2.4500     2.4925     2.1039
    2.4600     2.5136     2.1196
    2.4700     2.5349     2.1353
    2.4800     2.5563     2.1510
    2.4900     2.5779     2.1668
    2.5000     2.5996     2.1826
    2.5100     2.6216     2.1985
    2.5200     2.6436     2.2144
    2.5300     2.6658     2.2304
    2.5400     2.6882     2.2464
    2.5500     2.7108     2.2625
    2.5600     2.7335     2.2786
    2.5700     2.7563     2.2947
    2.5800     2.7794     2.3109
    2.5900     2.8026     2.3271
    2.6000     2.8259     2.3434
    2.6100     2.8494     2.3597
    2.6200     2.8731     2.3760
    2.6300     2.8969     2.3924
    2.6400     2.9210     2.4088
    2.6500     2.9451     2.4252
    2.6600     2.9695     2.4417
    2.6700     2.9940     2.4582
    2.6800     3.0186     2.4747
    2.6900     3.0434     2.4912
    2.7000     3.0684     2.5077
    2.7100     3.0936     2.5243
    2.7200     3.1189     2.5409
    2.7300     3.1444     2.5575
    2.7400     3.1701     2.5741
    2.7500     3.1959     2.5908
    2.7600     3.2219     2.6074
    2.7700     3.2481     2.6241
    2.7800     3.2744     2.6407
    2.7900     3.3009     2.6574
    2.8000     3.3275     2.6741
    2.8100     3.3543     2.6907
    2.8200     3.3813     2.7074
    2.8300     3.4085     2.7240
    2.8400     3.4358     2.7407
    2.8500     3.4633     2.7573
    2.8600     3.4910     2.7740
    2.8700     3.5188     2.7906
    2.8800     3.5468     2.8072
    2.8900     3.5749     2.8238
    2.9000     3.6033     2.8404
    2.9100     3.6317     2.8569
    2.9200     3.6604     2.8734
    2.9300     3.6892     2.8899
    2.9400     3.7182     2.9064
    2.9500     3.7473     2.9228
    2.9600     3.7766     2.9392
    2.9700     3.8061     2.9556
    2.9800     3.8358     2.9719
    2.9900     3.8656     2.9881
    3.0000     3.8955     3.0043
    3.0100     3.9256     3.0205
    3.0200     3.9559     3.0366
    3.0300     3.9864     3.0527
    3.0400     4.0170     3.0687
    3.0500     4.0478     3.0846
    3.0600     4.0787     3.1005
    3.0700     4.1098     3.1163
    3.0800     4.1410     3.1320
    3.0900     4.1724     3.1477
    3.1000     4.2040     3.1632
    3.1100     4.2357     3.1787
    3.1200     4.2675     3.1941
    3.1300     4.2995     3.2094
    3.1400     4.3317     3.2246
    3.1500     4.3640     3.2398
    3.1600     4.3965     3.2548
    3.1700     4.4291     3.2697
    3.1800     4.4619     3.2845
    3.1900     4.4948     3.2992
    3.2000     4.5279     3.3138
    3.2100     4.5611     3.3283
    3.2200     4.5945     3.3426
    3.2300     4.6280     3.3568
    3.2400     4.6616     3.3709
    3.2500     4.6954     3.3849
    3.2600     4.7293     3.3987
    3.2700     4.7633     3.4124
    3.2800     4.7975     3.4259
    3.2900     4.8319     3.4393
    3.3000     4.8663     3.4525
    3.3100     4.9009     3.4655
    3.3200     4.9356     3.4784
    3.3300     4.9705     3.4912
    3.3400     5.0055     3.5037
    3.3500     5.0406     3.5161
    3.3600     5.0758     3.5283
    3.3700     5.1111     3.5403
    3.3800     5.1466     3.5522
    3.3900     5.1822     3.5638
    3.4000     5.2179     3.5752
    3.4100     5.2537     3.5865
    3.4200     5.2896     3.5975
    3.4300     5.3256     3.6083
    3.4400     5.3618     3.6189
    3.4500     5.3980     3.6293
    3.4600     5.4343     3.6395
    3.4700     5.4708     3.6494
    3.4800     5.5073     3.6591
    3.4900     5.5440     3.6686
    3.5000     5.5807     3.6778
    3.5100     5.6175     3.6867
    3.5200     5.6544     3.6955
    3.5300     5.6914     3.7039
    3.5400     5.7285     3.7121
    3.5500     5.7657     3.7200
    3.5600     5.8029     3.7277
    3.5700     5.8402     3.7351
    3.5800     5.8776     3.7422
    3.5900     5.9151     3.7490
    3.6000     5.9526     3.7555
    3.6100     5.9902     3.7617
    3.6200     6.0278     3.7677
    3.6300     6.0655     3.7733
    3.6400     6.1033     3.7786
    3.6500     6.1411     3.7836
    3.6600     6.1790     3.7883
    3.6700     6.2169     3.7926
    3.6800     6.2548     3.7967
    3.6900     6.2928     3.8004
    3.7000     6.3308     3.8037
    3.7100     6.3689     3.8067
    3.7200     6.4069     3.8094
    3.7300     6.4451     3.8117
    3.7400     6.4832     3.8137
    3.7500     6.5213     3.8153
    3.7600     6.5595     3.8165
    3.7700     6.5977     3.8174
    3.7800     6.6358     3.8179
    3.7900     6.6740     3.8180
    3.8000     6.7122     3.8178
    3.8100     6.7504     3.8171
    3.8200     6.7885     3.8161
    3.8300     6.8267     3.8146
    3.8400     6.8648     3.8128
    3.8500     6.9029     3.8105
    3.8600     6.9410     3.8079
    3.8700     6.9791     3.8048
    3.8800     7.0171     3.8013
    3.8900     7.0551     3.7974
    3.9000     7.0931     3.7931
    3.9100     7.1310     3.7884
    3.9200     7.1688     3.7832
    3.9300     7.2066     3.7776
    3.9400     7.2444     3.7715
    3.9500     7.2821     3.7650
    3.9600     7.3197     3.7581
    3.9700     7.3572     3.7507
    3.9800     7.3947     3.7428
    3.9900     7.4321     3.7345
    4.0000     7.4694     3.7258
    4.0100     7.5066     3.7165
    4.0200     7.5437     3.7068
    4.0300     7.5807     3.6967
    4.0400     7.6176     3.6860
    4.0500     7.6545     3.6749
    4.0600     7.6911     3.6634
    4.0700     7.7277     3.6513
    4.0800     7.7642     3.6388
    4.0900     7.8005     3.6257
    4.1000     7.8367     3.6122
    4.1100     7.8727     3.5982
    4.1200     7.9086     3.5837
    4.1300     7.9444     3.5688
    4.1400     7.9800     3.5533
    4.1500     8.0155     3.5373
    4.1600     8.0508     3.5209
    4.1700     8.0859     3.5039
    4.1800     8.1208     3.4864
    4.1900     8.1556     3.4685
    4.2000     8.1902     3.4500
    4.2100     8.2246     3.4310
    4.2200     8.2588     3.4116
    4.2300     8.2928     3.3916
    4.2400     8.3267     3.3711
    4.2500     8.3603     3.3501
    4.2600     8.3937     3.3286
    4.2700     8.4268     3.3066
    4.2800     8.4598     3.2841
    4.2900     8.4925     3.2611
    4.3000     8.5250     3.2376
    4.3100     8.5573     3.2136
    4.3200     8.5893     3.1891
    4.3300     8.6210     3.1641
    4.3400     8.6526     3.1385
    4.3500     8.6838     3.1125
    4.3600     8.7148     3.0860
    4.3700     8.7455     3.0590
    4.3800     8.7760     3.0314
    4.3900     8.8062     3.0034
    4.4000     8.8360     2.9749
    4.4100     8.8657     2.9459
    4.4200     8.8950     2.9164
    4.4300     8.9240     2.8865
    4.4400     8.9527     2.8560
    4.4500     8.9811     2.8251
    4.4600     9.0092     2.7936
    4.4700     9.0370     2.7617
    4.4800     9.0644     2.7294
    4.4900     9.0916     2.6965
    4.5000     9.1184     2.6632
    4.5100     9.1448     2.6295
    4.5200     9.1709     2.5953
    4.5300     9.1967     2.5606
    4.5400     9.2222     2.5255
    4.5500     9.2472     2.4899
    4.5600     9.2720     2.4539
    4.5700     9.2963     2.4174
    4.5800     9.3203     2.3805
    4.5900     9.3439     2.3432
    4.6000     9.3672     2.3055
    4.6100     9.3900     2.2673
    4.6200     9.4125     2.2288
    4.6300     9.4346     2.1898
    4.6400     9.4563     2.1504
    4.6500     9.4776     2.1107
    4.6600     9.4985     2.0705
    4.6700     9.5190     2.0300
    4.6800     9.5391     1.9891
    4.6900     9.5588     1.9478
    4.7000     9.5781     1.9061
    4.7100     9.5969     1.8641
    4.7200     9.6153     1.8218
    4.7300     9.6334     1.7791
    4.7400     9.6509     1.7360
    4.7500     9.6681     1.6927
    4.7600     9.6848     1.6490
    4.7700     9.7010     1.6050
    4.7800     9.7169     1.5607
    4.7900     9.7323     1.5161
    4.8000     9.7472     1.4712
    4.8100     9.7617     1.4260
    4.8200     9.7757     1.3805
    4.8300     9.7893     1.3348
    4.8400     9.8024     1.2888
    4.8500     9.8151     1.2426
    4.8600     9.8273     1.1961
    4.8700     9.8390     1.1494
    4.8800     9.8503     1.1025
    4.8900     9.8610     1.0553
    4.9000     9.8714     1.0080
    4.9100     9.8812     0.9604
    4.9200     9.8906     0.9127
    4.9300     9.8995     0.8648
    4.9400     9.9079     0.8167
    4.9500     9.9158     0.7684
    4.9600     9.9232     0.7200
    4.9700     9.9302     0.6715
    4.9800     9.9367     0.6228
    4.9900     9.9426     0.5740
    5.0000     9.9481     0.5251
    5.0100     9.9531     0.4761
    5.0200     9.9577     0.4270
    5.0300     9.9617     0.3778
    5.0400     9.9652     0.3285
    5.0500     9.9683     0.2792
    5.0600     9.9708     0.2298
    5.0700     9.9728     0.1804
    5.0800     9.9744     0.1309
    5.0900     9.9755     0.0814
    5.1000     9.9760     0.0319
    5.1100     9.9761    -0.0177
    5.1200     9.9757    -0.0672
    5.1300     9.9748    -0.1167
    5.1400     9.9733    -0.1662
    5.1500     9.9714    -0.2156
    5.1600     9.9690    -0.2650
    5.1700     9.9661    -0.3144
    5.1800     9.9627    -0.3637
    5.1900     9.9589    -0.4129
    5.2000     9.9545    -0.4620
    5.2100     9.9496    -0.5111
    5.2200     9.9443    -0.5600
    5.2300     9.9384    -0.6089
    5.2400     9.9321    -0.6576
    5.2500     9.9253    -0.7061
    5.2600     9.9180    -0.7546
    5.2700     9.9102    -0.8029
    5.2800     9.9019    -0.8510
    5.2900     9.8932    -0.8990
    5.3000     9.8839    -0.9468
    5.3100     9.8742    -0.9944
    5.3200     9.8640    -1.0418
    5.3300     9.8534    -1.0890
    5.3400     9.8423    -1.1360
    5.3500     9.8307    -1.1828
    5.3600     9.8186    -1.2293
    5.3700     9.8061    -1.2756
    5.3800     9.7931    -1.3216
    5.3900     9.7797    -1.3674
    5.4000     9.7658    -1.4130
    5.4100     9.7514    -1.4582
    5.4200     9.7366    -1.5032
    5.4300     9.7213    -1.5479
    5.4400     9.7056    -1.5923
    5.4500     9.6895    -1.6364
    5.4600     9.6729    -1.6802
    5.4700     9.6559    -1.7236
    5.4800     9.6384    -1.7668
    5.4900     9.6205    -1.8095
    5.5000     9.6022    -1.8520
    5.5100     9.5835    -1.8941
    5.5200     9.5644    -1.9359
    5.5300     9.5448    -1.9773
    5.5400     9.5248    -2.0183
    5.5500     9.5044    -2.0589
    5.5600     9.4836    -2.0992
    5.5700     9.4624    -2.1391
    5.5800     9.4409    -2.1785
    5.5900     9.4189    -2.2176
    5.6000     9.3965    -2.2563
    5.6100     9.3738    -2.2946
    5.6200     9.3506    -2.3324
    5.6300     9.3271    -2.3699
    5.6400     9.3032    -2.4069
    5.6500     9.2790    -2.4435
    5.6600     9.2544    -2.4796
    5.6700     9.2294    -2.5153
    5.6800     9.2041    -2.5506
    5.6900     9.1784    -2.5854
    5.7000     9.1523    -2.6197
    5.7100     9.1260    -2.6536
    5.7200     9.0993    -2.6870
    5.7300     9.0722    -2.7200
    5.7400     9.0449    -2.7525
    5.7500     9.0172    -2.7845
    5.7600     8.9892    -2.8161
    5.7700     8.9609    -2.8472
    5.7800     8.9322    -2.8778
    5.7900     8.9033    -2.9079
    5.8000     8.8741    -2.9375
    5.8100     8.8446    -2.9666
    5.8200     8.8148    -2.9953
    5.8300     8.7847    -3.0235
    5.8400     8.7543    -3.0511
    5.8500     8.7236    -3.0783
    5.8600     8.6927    -3.1049
    5.8700     8.6615    -3.1311
    5.8800     8.6301    -3.1568
    5.8900     8.5984    -3.1819
    5.9000     8.5665    -3.2066
    5.9100     8.5343    -3.2308
    5.9200     8.5019    -3.2544
    5.9300     8.4692    -3.2776
    5.9400     8.4363    -3.3002
    5.9500     8.4032    -3.3224
    5.9600     8.3699    -3.3440
    5.9700     8.3363    -3.3651
    5.9800     8.3026    -3.3858
    5.9900     8.2686    -3.4059
    6.0000     8.2344    -3.4255
    6.0100     8.2001    -3.4446
    6.0200     8.1656    -3.4632
    6.0300     8.1308    -3.4813
    6.0400     8.0959    -3.4989
    6.0500     8.0609    -3.5160
    6.0600     8.0256    -3.5326
    6.0700     7.9902    -3.5488
    6.0800     7.9546    -3.5644
    6.0900     7.9189    -3.5795
    6.1000     7.8830    -3.5941
    6.1100     7.8470    -3.6083
    6.1200     7.8109    -3.6219
    6.1300     7.7746    -3.6351
    6.1400     7.7382    -3.6478
    6.1500     7.7016    -3.6600
    6.1600     7.6650    -3.6717
    6.1700     7.6282    -3.6829
    6.1800     7.5913    -3.6937
    6.1900     7.5543    -3.7040
    6.2000     7.5172    -3.7138
    6.2100     7.4801    -3.7232
    6.2200     7.4428    -3.7320
    6.2300     7.4054    -3.7405
    6.2400     7.3680    -3.7485
    6.2500     7.3305    -3.7560
    6.2600     7.2929    -3.7631
    6.2700     7.2552    -3.7697
    6.2800     7.2175    -3.7759
    6.2900     7.1797    -3.7816
    6.3000     7.1418    -3.7869
    6.3100     7.1039    -3.7918
    6.3200     7.0660    -3.7962
    6.3300     7.0280    -3.8003
    6.3401     6.9900    -3.8039
    6.3501     6.9519    -3.8070
    6.3601     6.9139    -3.8098
    6.3701     6.8757    -3.8122
    6.3801     6.8376    -3.8141
    6.3901     6.7995    -3.8157
    6.4001     6.7613    -3.8168
    6.4101     6.7231    -3.8176
    6.4201     6.6850    -3.8180
    6.4301     6.6468    -3.8180
    6.4401     6.6086    -3.8176
    6.4501     6.5704    -3.8168
    6.4601     6.5323    -3.8157
    6.4701     6.4941    -3.8142
    6.4801     6.4560    -3.8123
    6.4901     6.4179    -3.8101
    6.5001     6.3798    -3.8075
    6.5101     6.3417    -3.8046
    6.5201     6.3037    -3.8014
    6.5301     6.2657    -3.7978
    6.5401     6.2277    -3.7938
    6.5501     6.1898    -3.7896
    6.5601     6.1519    -3.7850
    6.5701     6.1141    -3.7801
    6.5801     6.0763    -3.7748
    6.5901     6.0386    -3.7693
    6.6001     6.0010    -3.7635
    6.6101     5.9634    -3.7573
    6.6201     5.9258    -3.7509
    6.6301     5.8883    -3.7441
    6.6401     5.8509    -3.7371
    6.6501     5.8136    -3.7298
    6.6601     5.7763    -3.7223
    6.6701     5.7392    -3.7144
    6.6801     5.7020    -3.7063
    6.6901     5.6650    -3.6979
    6.7001     5.6281    -3.6893
    6.7101     5.5912    -3.6804
    6.7201     5.5545    -3.6712
    6.7301     5.5178    -3.6618
    6.7401     5.4812    -3.6522
    6.7501     5.4448    -3.6423
    6.7601     5.4084    -3.6323
    6.7701     5.3721    -3.6219
    6.7801     5.3360    -3.6114
    6.7901     5.2999    -3.6006
    6.8001     5.2640    -3.5897
    6.8101     5.2281    -3.5785
    6.8201     5.1924    -3.5671
    6.8301     5.1568    -3.5555
    6.8401     5.1213    -3.5437
    6.8501     5.0859    -3.5318
    6.8601     5.0506    -3.5196
    6.8701     5.0155    -3.5073
    6.8801     4.9805    -3.4948
    6.8901     4.9456    -3.4821
    6.9001     4.9109    -3.4692
    6.9101     4.8762    -3.4562
    6.9201     4.8417    -3.4431
    6.9301     4.8074    -3.4297
    6.9401     4.7731    -3.4162
    6.9501     4.7390    -3.4026
    6.9601     4.7051    -3.3888
    6.9701     4.6713    -3.3749
    6.9801     4.6376    -3.3609
    6.9901     4.6040    -3.3467
    7.0001     4.5706    -3.3324
    7.0101     4.5374    -3.3180
    7.0201     4.5043    -3.3034
    7.0301     4.4713    -3.2887
    7.0401     4.4385    -3.2740
    7.0501     4.4059    -3.2591
    7.0601     4.3733    -3.2441
    7.0701     4.3410    -3.2290
    7.0801     4.3088    -3.2138
    7.0901     4.2767    -3.1985
    7.1001     4.2448    -3.1831
    7.1101     4.2130    -3.1677
    7.1201     4.1814    -3.1521
    7.1301     4.1500    -3.1365
    7.1401     4.1187    -3.1208
    7.1501     4.0876    -3.1050
    7.1601     4.0566    -3.0892
    7.1701     4.0258    -3.0733
    7.1801     3.9951    -3.0573
    7.1901     3.9646    -3.0412
    7.2001     3.9343    -3.0251
    7.2101     3.9041    -3.0090
    7.2201     3.8741    -2.9928
    7.2301     3.8443    -2.9765
    7.2401     3.8146    -2.9602
    7.2501     3.7851    -2.9439
    7.2601     3.7557    -2.9275
    7.2701     3.7265    -2.9111
    7.2801     3.6975    -2.8946
    7.2901     3.6686    -2.8782
    7.3001     3.6399    -2.8616
    7.3101     3.6114    -2.8451
    7.3201     3.5830    -2.8285
    7.3301     3.5548    -2.8120
    7.3401     3.5268    -2.7954
    7.3501     3.4989    -2.7787
    7.3601     3.4712    -2.7621
    7.3701     3.4437    -2.7455
    7.3801     3.4163    -2.7288
    7.3901     3.3891    -2.7122
    7.4001     3.3621    -2.6955
    7.4101     3.3352    -2.6788
    7.4201     3.3085    -2.6622
    7.4301     3.2820    -2.6455
    7.4401     3.2556    -2.6288
    7.4501     3.2294    -2.6122
    7.4601     3.2033    -2.5955
    7.4701     3.1775    -2.5789
    7.4801     3.1518    -2.5623
    7.4901     3.1262    -2.5457
    7.5001     3.1008    -2.5291
    7.5101     3.0756    -2.5125
    7.5201     3.0506    -2.4959
    7.5301     3.0257    -2.4794
    7.5401     3.0010    -2.4629
    7.5501     2.9765    -2.4464
    7.5601     2.9521    -2.4299
    7.5701     2.9279    -2.4135
    7.5801     2.9038    -2.3971
    7.5901     2.8799    -2.3807
    7.6001     2.8562    -2.3644
    7.6101     2.8326    -2.3481
    7.6201     2.8092    -2.3318
    7.6301     2.7860    -2.3156
    7.6401     2.7629    -2.2994
    7.6501     2.7400    -2.2832
    7.6601     2.7173    -2.2671
    7.6701     2.6947    -2.2510
    7.6801     2.6722    -2.2350
    7.6901     2.6500    -2.2190
    7.7001     2.6279    -2.2030
    7.7101     2.6059    -2.1872
    7.7201     2.5841    -2.1713
    7.7301     2.5625    -2.1555
    7.7401     2.5410    -2.1398
    7.7501     2.5197    -2.1241
    7.7601     2.4985    -2.1084
    7.7701     2.4775    -2.0928
    7.7801     2.4567    -2.0773
    7.7901     2.4360    -2.0618
    7.8001     2.4154    -2.0464
    7.8101     2.3950    -2.0310
    7.8201     2.3748    -2.0157
    7.8301     2.3547    -2.0004
    7.8401     2.3348    -1.9852
    7.8501     2.3150    -1.9701
    7.8601     2.2954    -1.9550
    7.8701     2.2759    -1.9400
    7.8801     2.2566    -1.9250
    7.8901     2.2374    -1.9101
    7.9001     2.2184    -1.8953
    7.9101     2.1995    -1.8805
    7.9201     2.1808    -1.8658
    7.9301     2.1622    -1.8511
    7.9401     2.1438    -1.8366
    7.9501     2.1255    -1.8221
    7.9601     2.1073    -1.8076
    7.9701     2.0893    -1.7932
    7.9801     2.0715    -1.7789
    7.9901     2.0537    -1.7647
    8.0001     2.0362    -1.7505
    8.0101     2.0187    -1.7364
    8.0201     2.0014    -1.7224
    8.0301     1.9843    -1.7084
    8.0401     1.9673    -1.6945
    8.0501     1.9504    -1.6806
    8.0601     1.9337    -1.6669
    8.0701     1.9171    -1.6532
    8.0801     1.9006    -1.6396
    8.0901     1.8843    -1.6260
    8.1001     1.8681    -1.6125
    8.1101     1.8520    -1.5991
    8.1201     1.8361    -1.5858
    8.1301     1.8203    -1.5725
    8.1401     1.8046    -1.5593
    8.1501     1.7891    -1.5462
    8.1601     1.7737    -1.5331
    8.1701     1.7585    -1.5202
    8.1801     1.7433    -1.5072
    8.1901     1.7283    -1.4944
    8.2001     1.7134    -1.4816
    8.2101     1.6987    -1.4690
    8.2201     1.6840    -1.4563
    8.2301     1.6695    -1.4438
    8.2401     1.6552    -1.4313
    8.2501     1.6409    -1.4189
    8.2601     1.6268    -1.4066
    8.2701     1.6128    -1.3943
    8.2801     1.5989    -1.3821
    8.2901     1.5851    -1.3700
    8.3001     1.5715    -1.3579
    8.3101     1.5580    -1.3460
    8.3201     1.5446    -1.3341
    8.3301     1.5313    -1.3222
    8.3401     1.5181    -1.3105
    8.3501     1.5051    -1.2988
    8.3601     1.4922    -1.2872
    8.3701     1.4794    -1.2756
    8.3801     1.4667    -1.2641
    8.3901     1.4541    -1.2527
    8.4001     1.4416    -1.2414
    8.4101     1.4292    -1.2301
    8.4201     1.4170    -1.2189
    8.4301     1.4049    -1.2078
    8.4401     1.3928    -1.1968
    8.4501     1.3809    -1.1858
    8.4601     1.3691    -1.1749
    8.4701     1.3574    -1.1640
    8.4801     1.3458    -1.1533
    8.4901     1.3344    -1.1425
    8.5001     1.3230    -1.1319
    8.5101     1.3117    -1.1213
    8.5201     1.3006    -1.1108
    8.5301     1.2895    -1.1004
    8.5401     1.2786    -1.0900
    8.5501     1.2677    -1.0797
    8.5601     1.2570    -1.0695
    8.5701     1.2463    -1.0593
    8.5801     1.2358    -1.0492
    8.5901     1.2253    -1.0392
    8.6001     1.2150    -1.0292
    8.6101     1.2047    -1.0193
    8.6201     1.1946    -1.0095
    8.6301     1.1846    -0.9997
    8.6401     1.1746    -0.9900
    8.6501     1.1648    -0.9804
    8.6601     1.1550    -0.9708
    8.6701     1.1453    -0.9613
    8.6801     1.1358    -0.9518
    8.6901     1.1263    -0.9424
    8.7001     1.1169    -0.9331
    8.7101     1.1076    -0.9238
    8.7201     1.0985    -0.9146
    8.7301     1.0894    -0.9055
    8.7401     1.0803    -0.8964
    8.7501     1.0714    -0.8874
    8.7601     1.0626    -0.8784
    8.7701     1.0539    -0.8695
    8.7801     1.0452    -0.8607
    8.7901     1.0366    -0.8519
    8.8001     1.0282    -0.8432
    8.8101     1.0198    -0.8345
    8.8201     1.0115    -0.8259
    8.8301     1.0033    -0.8173
    8.8401     0.9951    -0.8088
    8.8501     0.9871    -0.8004
    8.8601     0.9791    -0.7920
    8.8701     0.9712    -0.7837
    8.8801     0.9634    -0.7754
    8.8901     0.9557    -0.7672
    8.9001     0.9481    -0.7590
    8.9101     0.9406    -0.7509
    8.9201     0.9331    -0.7429
    8.9301     0.9257    -0.7349
    8.9401     0.9184    -0.7269
    8.9501     0.9112    -0.7190
    8.9601     0.9040    -0.7112
    8.9701     0.8969    -0.7034
    8.9801     0.8899    -0.6957
    8.9901     0.8830    -0.6880
    9.0001     0.8762    -0.6804
    9.0101     0.8694    -0.6728
    9.0201     0.8627    -0.6652
    9.0301     0.8561    -0.6578
    9.0401     0.8496    -0.6503
    9.0501     0.8431    -0.6429
    9.0601     0.8367    -0.6356
    9.0701     0.8304    -0.6283
    9.0801     0.8241    -0.6210
    9.0901     0.8180    -0.6139
    9.1001     0.8119    -0.6067
    9.1101     0.8058    -0.5996
    9.1201     0.7999    -0.5925
    9.1301     0.7940    -0.5855
    9.1401     0.7882    -0.5785
    9.1501     0.7824    -0.5716
    9.1601     0.7767    -0.5647
    9.1701     0.7711    -0.5579
    9.1801     0.7656    -0.5511
    9.1901     0.7601    -0.5443
    9.2001     0.7547    -0.5376
    9.2101     0.7493    -0.5309
    9.2201     0.7441    -0.5243
    9.2301     0.7389    -0.5177
    9.2401     0.7337    -0.5112
    9.2501     0.7286    -0.5047
    9.2601     0.7236    -0.4982
    9.2701     0.7187    -0.4918
    9.2801     0.7138    -0.4854
    9.2901     0.7090    -0.4790
    9.3001     0.7042    -0.4727
    9.3101     0.6995    -0.4664
    9.3201     0.6949    -0.4602
    9.3301     0.6903    -0.4540
    9.3401     0.6858    -0.4478
    9.3501     0.6813    -0.4417
    9.3601     0.6770    -0.4356
    9.3701     0.6726    -0.4295
    9.3801     0.6684    -0.4235
    9.3901     0.6642    -0.4175
    9.4001     0.6600    -0.4115
    9.4101     0.6559    -0.4056
    9.4201     0.6519    -0.3997
    9.4301     0.6479    -0.3938
    9.4401     0.6440    -0.3880
    9.4501     0.6402    -0.3822
    9.4601     0.6364    -0.3764
    9.4701     0.6327    -0.3707
    9.4801     0.6290    -0.3650
    9.4901     0.6254    -0.3593
    9.5001     0.6218    -0.3536
    9.5101     0.6183    -0.3480
    9.5201     0.6148    -0.3424
    9.5301     0.6114    -0.3368
    9.5401     0.6081    -0.3313
    9.5501     0.6048    -0.3258
    9.5601     0.6016    -0.3203
    9.5701     0.5984    -0.3148
    9.5801     0.5953    -0.3094
    9.5901     0.5922    -0.3040
    9.6001     0.5892    -0.2986
    9.6101     0.5862    -0.2933
    9.6201     0.5833    -0.2879
    9.6301     0.5805    -0.2826
    9.6401     0.5777    -0.2773
    9.6501     0.5749    -0.2721
    9.6601     0.5722    -0.2668
    9.6701     0.5696    -0.2616
    9.6801     0.5670    -0.2564
    9.6901     0.5645    -0.2512
    9.7001     0.5620    -0.2461
    9.7101     0.5595    -0.2409
    9.7201     0.5572    -0.2358
    9.7301     0.5548    -0.2307
    9.7401     0.5526    -0.2256
    9.7501     0.5503    -0.2206
    9.7601     0.5481    -0.2155
    9.7701     0.5460    -0.2105
    9.7801     0.5439    -0.2055
    9.7901     0.5419    -0.2005
    9.8001     0.5399    -0.1956
    9.8101     0.5380    -0.1906
    9.8201     0.5361    -0.1857
    9.8301     0.5343    -0.1807
    9.8401     0.5325    -0.1758
    9.8501     0.5308    -0.1709
    9.8601     0.5291    -0.1661
    9.8701     0.5274    -0.1612
    9.8801     0.5258    -0.1564
    9.8901     0.5243    -0.1515
    9.9001     0.5228    -0.1467
    9.9101     0.5214    -0.1419
    9.9201     0.5200    -0.1371
    9.9301     0.5186    -0.1323
    9.9401     0.5173    -0.1275
    9.9501     0.5161    -0.1227
    9.9601     0.5149    -0.1180
    9.9701     0.5137    -0.1132
    9.9801     0.5126    -0.1085
    9.9901     0.5116    -0.1038
   10.0001     0.5105    -0.0991
   10.0101     0.5096    -0.0943
   10.0201     0.5087    -0.0896
   10.0301     0.5078    -0.0850
   10.0401     0.5070    -0.0803
   10.0501     0.5062    -0.0756
   10.0601     0.5054    -0.0709
   10.0701     0.5048    -0.0662
   10.0801     0.5041    -0.0616
   10.0901     0.5035    -0.0569
   10.1001     0.5030    -0.0523
   10.1101     0.5025    -0.0476
   10.1201     0.5020    -0.0430
   10.1301     0.5016    -0.0383
   10.1401     0.5013    -0.0337
   10.1501     0.5009    -0.0291
   10.1601     0.5007    -0.0244
   10.1701     0.5005    -0.0198
   10.1801     0.5003    -0.0152
   10.1901     0.5002    -0.0105
   10.2001     0.5001    -0.0059
   10.2101     0.5000    -0.0013
   10.2201     0.5000     0.0033
   10.2301     0.5001     0.0080
   10.2401     0.5002     0.0126
   10.2501     0.5004     0.0172
   10.2601     0.5005     0.0218
   10.2701     0.5008     0.0265
   10.2801     0.5011     0.0311
   10.2901     0.5014     0.0357
   10.3001     0.5018     0.0404
   10.3101     0.5022     0.0450
   10.3201     0.5027     0.0497
   10.3301     0.5032     0.0543
   10.3401     0.5038     0.0590
   10.3501     0.5044     0.0636
   10.3601     0.5050     0.0683
   10.3701     0.5058     0.0730
   10.3801     0.5065     0.0776
   10.3901     0.5073     0.0823
   10.4001     0.5082     0.0870
   10.4101     0.5090     0.0917
   10.4201     0.5100     0.0964
   10.4301     0.5110     0.1011
   10.4401     0.5120     0.1059
   10.4501     0.5131     0.1106
   10.4601     0.5142     0.1153
   10.4701     0.5154     0.1201
   10.4801     0.5166     0.1248
   10.4901     0.5179     0.1296
   10.5001     0.5192     0.1344
   10.5101     0.5206     0.1392
   10.5201     0.5220     0.1440
   10.5301     0.5235     0.1488
   10.5401     0.5250     0.1536
   10.5501     0.5265     0.1585
   10.5601     0.5281     0.1633
   10.5701     0.5298     0.1682
   10.5801     0.5315     0.1731
   10.5901     0.5333     0.1780
   10.6001     0.5351     0.1829
   10.6101     0.5369     0.1878
   10.6201     0.5388     0.1928
   10.6301     0.5408     0.1977
   10.6401     0.5428     0.2027
   10.6501     0.5448     0.2077
   10.6601     0.5469     0.2127
   10.6701     0.5491     0.2177
   10.6801     0.5513     0.2228
   10.6901     0.5535     0.2279
   10.7001     0.5558     0.2329
   10.7101     0.5582     0.2381
   10.7201     0.5606     0.2432
   10.7302     0.5631     0.2483
   10.7402     0.5656     0.2535
   10.7502     0.5681     0.2587
   10.7602     0.5708     0.2639
   10.7702     0.5734     0.2691
   10.7802     0.5761     0.2744
   10.7902     0.5789     0.2796
   10.8002     0.5817     0.2849
   10.8102     0.5846     0.2903
   10.8202     0.5875     0.2956
   10.8302     0.5905     0.3010
   10.8402     0.5936     0.3064
   10.8502     0.5966     0.3118
   10.8602     0.5998     0.3172
   10.8702     0.6030     0.3227
   10.8802     0.6062     0.3282
   10.8902     0.6096     0.3337
   10.9002     0.6129     0.3393
   10.9102     0.6163     0.3449
   10.9202     0.6198     0.3505
   10.9302     0.6233     0.3561
   10.9402     0.6269     0.3618
   10.9502     0.6306     0.3675
   10.9602     0.6343     0.3732
   10.9702     0.6380     0.3789
   10.9802     0.6419     0.3847
   10.9902     0.6457     0.3905
   11.0002     0.6497     0.3964
   11.0102     0.6537     0.4023
   11.0202     0.6577     0.4082
   11.0302     0.6618     0.4141
   11.0402     0.6660     0.4201
   11.0502     0.6702     0.4261
   11.0602     0.6745     0.4322
   11.0702     0.6789     0.4382
   11.0802     0.6833     0.4444
   11.0902     0.6878     0.4505
   11.1002     0.6923     0.4567
   11.1102     0.6969     0.4629
   11.1202     0.7016     0.4692
   11.1302     0.7063     0.4755
   11.1402     0.7111     0.4818
   11.1502     0.7159     0.4882
   11.1602     0.7208     0.4946
   11.1702     0.7258     0.5010
   11.1802     0.7309     0.5075
   11.1902     0.7360     0.5140
   11.2002     0.7411     0.5206
   11.2102     0.7464     0.5272
   11.2202     0.7517     0.5339
   11.2302     0.7571     0.5406
   11.2402     0.7625     0.5473
   11.2502     0.7680     0.5541
   11.2602     0.7736     0.5609
   11.2702     0.7792     0.5677
   11.2802     0.7849     0.5746
   11.2902     0.7907     0.5816
   11.3002     0.7966     0.5886
   11.3102     0.8025     0.5956
   11.3202     0.8085     0.6027
   11.3302     0.8145     0.6098
   11.3402     0.8207     0.6170
   11.3502     0.8269     0.6242
   11.3602     0.8332     0.6315
   11.3702     0.8395     0.6388
   11.3802     0.8459     0.6462
   11.3902     0.8524     0.6536
   11.4002     0.8590     0.6610
   11.4102     0.8656     0.6685
   11.4202     0.8724     0.6761
   11.4302     0.8792     0.6837
   11.4402     0.8860     0.6914
   11.4502     0.8930     0.6991
   11.4602     0.9000     0.7068
   11.4702     0.9071     0.7146
   11.4802     0.9143     0.7225
   11.4902     0.9216     0.7304
   11.5002     0.9289     0.7384
   11.5102     0.9364     0.7464
   11.5202     0.9439     0.7545
   11.5302     0.9514     0.7626
   11.5402     0.9591     0.7708
   11.5502     0.9669     0.7790
   11.5602     0.9747     0.7873
   11.5702     0.9826     0.7957
   11.5802     0.9906     0.8041
   11.5902     0.9987     0.8126
   11.6002     1.0069     0.8211
   11.6102     1.0151     0.8296
   11.6202     1.0234     0.8383
   11.6302     1.0319     0.8470
   11.6402     1.0404     0.8557
   11.6502     1.0490     0.8645
   11.6602     1.0577     0.8734
   11.6702     1.0665     0.8823
   11.6802     1.0753     0.8913
   11.6902     1.0843     0.9004
   11.7002     1.0933     0.9095
   11.7102     1.1025     0.9187
   11.7202     1.1117     0.9279
   11.7302     1.1210     0.9372
   11.7402     1.1305     0.9465
   11.7502     1.1400     0.9560
   11.7602     1.1496     0.9654
   11.7702     1.1593     0.9750
   11.7802     1.1691     0.9846
   11.7902     1.1790     0.9943
   11.8002     1.1890     1.0040
   11.8102     1.1990     1.0138
   11.8202     1.2092     1.0237
   11.8302     1.2195     1.0336
   11.8402     1.2299     1.0436
   11.8502     1.2404     1.0537
   11.8602     1.2510     1.0638
   11.8702     1.2617     1.0740
   11.8802     1.2725     1.0842
   11.8902     1.2834     1.0946
   11.9002     1.2943     1.1050
   11.9102     1.3055     1.1154
   11.9202     1.3167     1.1260
   11.9302     1.3280     1.1366
   11.9402     1.3394     1.1472
   11.9502     1.3509     1.1580
   11.9602     1.3625     1.1688
   11.9702     1.3743     1.1797
   11.9802     1.3861     1.1906
   11.9902     1.3981     1.2016
   12.0002     1.4102     1.2127
   12.0102     1.4224     1.2239
   12.0202     1.4347     1.2351
   12.0302     1.4471     1.2464
   12.0402     1.4596     1.2577
   12.0502     1.4722     1.2692
   12.0602     1.4850     1.2807
   12.0702     1.4978     1.2923
   12.0802     1.5108     1.3039
   12.0902     1.5239     1.3156
   12.1002     1.5371     1.3274
   12.1102     1.5505     1.3393
   12.1202     1.5639     1.3512
   12.1302     1.5775     1.3632
   12.1402     1.5912     1.3753
   12.1502     1.6050     1.3874
   12.1602     1.6189     1.3997
   12.1702     1.6330     1.4120
   12.1802     1.6472     1.4243
   12.1902     1.6615     1.4368
   12.2002     1.6759     1.4493
   12.2102     1.6905     1.4619
   12.2202     1.7051     1.4745
   12.2302     1.7199     1.4872
   12.2402     1.7349     1.5000
   12.2502     1.7499     1.5129
   12.2602     1.7651     1.5258
   12.2702     1.7805     1.5389
   12.2802     1.7959     1.5519
   12.2902     1.8115     1.5651
   12.3002     1.8272     1.5783
   12.3102     1.8431     1.5916
   12.3202     1.8591     1.6050
   12.3302     1.8752     1.6184
   12.3402     1.8914     1.6320
   12.3502     1.9078     1.6455
   12.3602     1.9243     1.6592
   12.3702     1.9410     1.6729
   12.3802     1.9578     1.6867
   12.3902     1.9747     1.7006
   12.4002     1.9918     1.7145
   12.4102     2.0090     1.7285
   12.4202     2.0264     1.7426
   12.4302     2.0439     1.7567
   12.4402     2.0615     1.7709
   12.4502     2.0793     1.7852
   12.4602     2.0972     1.7995
   12.4702     2.1153     1.8139
   12.4802     2.1335     1.8284
   12.4902     2.1518     1.8430
   12.5002     2.1703     1.8576
   12.5102     2.1890     1.8722
   12.5202     2.2078     1.8870
   12.5302     2.2267     1.9018
   12.5402     2.2458     1.9166
   12.5502     2.2651     1.9316
   12.5602     2.2845     1.9465
   12.5702     2.3040     1.9616
   12.5802     2.3237     1.9767
   12.5902     2.3435     1.9919
   12.6002     2.3635     2.0071
   12.6102     2.3837     2.0224
   12.6202     2.4040     2.0377
   12.6302     2.4244     2.0531
   12.6402     2.4450     2.0686
   12.6502     2.4658     2.0841
   12.6602     2.4867     2.0996
   12.6702     2.5078     2.1153
   12.6802     2.5290     2.1309
   12.6902     2.5504     2.1467
   12.7002     2.5720     2.1624
   12.7102     2.5937     2.1783
   12.7202     2.6155     2.1941
   12.7302     2.6375     2.2100
   12.7402     2.6597     2.2260
   12.7502     2.6821     2.2420
   12.7602     2.7046     2.2581
   12.7702     2.7272     2.2742
   12.7802     2.7501     2.2903
   12.7902     2.7730     2.3065
   12.8002     2.7962     2.3227
   12.8102     2.8195     2.3389
   12.8202     2.8430     2.3552
   12.8302     2.8666     2.3716
   12.8402     2.8904     2.3879
   12.8502     2.9144     2.4043
   12.8602     2.9385     2.4207
   12.8702     2.9628     2.4372
   12.8802     2.9872     2.4536
   12.8902     3.0118     2.4701
   12.9002     3.0366     2.4867
   12.9102     3.0616     2.5032
   12.9202     3.0867     2.5198
   12.9302     3.1120     2.5364
   12.9402     3.1374     2.5530
   12.9502     3.1630     2.5696
   12.9602     3.1888     2.5862
   12.9702     3.2148     2.6028
   12.9802     3.2409     2.6195
   12.9902     3.2671     2.6361
   13.0002     3.2936     2.6528
   13.0102     3.3202     2.6695
   13.0202     3.3470     2.6861
   13.0302     3.3739     2.7028
   13.0402     3.4010     2.7195
   13.0502     3.4283     2.7361
   13.0602     3.4558     2.7528
   13.0702     3.4834     2.7694
   13.0802     3.5111     2.7860
   13.0902     3.5391     2.8027
   13.1002     3.5672     2.8192
   13.1102     3.5955     2.8358
   13.1202     3.6239     2.8524
   13.1302     3.6525     2.8689
   13.1402     3.6813     2.8854
   13.1502     3.7102     2.9019
   13.1602     3.7393     2.9183
   13.1702     3.7686     2.9347
   13.1802     3.7980     2.9511
   13.1902     3.8276     2.9674
   13.2002     3.8574     2.9837
   13.2102     3.8873     2.9999
   13.2202     3.9174     3.0161
   13.2302     3.9476     3.0322
   13.2402     3.9780     3.0483
   13.2502     4.0086     3.0643
   13.2602     4.0393     3.0802
   13.2702     4.0702     3.0961
   13.2802     4.1012     3.1119
   13.2902     4.1324     3.1277
   13.3002     4.1638     3.1434
   13.3102     4.1953     3.1590
   13.3202     4.2269     3.1745
   13.3302     4.2588     3.1899
   13.3402     4.2907     3.2052
   13.3502     4.3229     3.2205
   13.3602     4.3552     3.2356
   13.3702     4.3876     3.2507
   13.3802     4.4202     3.2656
   13.3902     4.4529     3.2805
   13.4002     4.4858     3.2952
   13.4102     4.5188     3.3098
   13.4202     4.5520     3.3243
   13.4302     4.5853     3.3387
   13.4402     4.6187     3.3529
   13.4502     4.6523     3.3671
   13.4602     4.6861     3.3811
   13.4702     4.7200     3.3949
   13.4802     4.7540     3.4086
   13.4902     4.7881     3.4222
   13.5002     4.8224     3.4356
   13.5102     4.8569     3.4489
   13.5202     4.8914     3.4620
   13.5302     4.9261     3.4749
   13.5402     4.9609     3.4877
   13.5502     4.9958     3.5003
   13.5602     5.0309     3.5127
   13.5702     5.0661     3.5250
   13.5802     5.1014     3.5371
   13.5902     5.1368     3.5489
   13.6002     5.1724     3.5606
   13.6102     5.2081     3.5721
   13.6202     5.2438     3.5834
   13.6302     5.2797     3.5945
   13.6402     5.3157     3.6054
   13.6502     5.3518     3.6160
   13.6602     5.3880     3.6265
   13.6702     5.4244     3.6367
   13.6802     5.4608     3.6467
   13.6902     5.4973     3.6565
   13.7002     5.5339     3.6660
   13.7102     5.5706     3.6753
   13.7202     5.6074     3.6843
   13.7302     5.6443     3.6931
   13.7402     5.6813     3.7016
   13.7502     5.7183     3.7099
   13.7602     5.7555     3.7179
   13.7702     5.7927     3.7256
   13.7802     5.8300     3.7331
   13.7902     5.8673     3.7402
   13.8002     5.9048     3.7471
   13.8102     5.9423     3.7537
   13.8202     5.9799     3.7600
   13.8302     6.0175     3.7661
   13.8402     6.0552     3.7718
   13.8502     6.0929     3.7772
   13.8602     6.1307     3.7823
   13.8702     6.1686     3.7870
   13.8802     6.2065     3.7915
   13.8902     6.2444     3.7956
   13.9002     6.2824     3.7994
   13.9102     6.3204     3.8028
   13.9202     6.3584     3.8059
   13.9302     6.3965     3.8087
   13.9402     6.4346     3.8111
   13.9502     6.4727     3.8132
   13.9602     6.5109     3.8149
   13.9702     6.5490     3.8162
   13.9802     6.5872     3.8172
   13.9902     6.6254     3.8178
   14.0002     6.6635     3.8180
   14.0102     6.7017     3.8179
   14.0202     6.7399     3.8173
   14.0302     6.7781     3.8164
   14.0402     6.8162     3.8150
   14.0502     6.8544     3.8133
   14.0602     6.8925     3.8112
   14.0702     6.9306     3.8086
   14.0802     6.9687     3.8057
   14.0902     7.0067     3.8023
   14.1002     7.0447     3.7985
   14.1102     7.0827     3.7943
   14.1202     7.1206     3.7897
   14.1302     7.1585     3.7846
   14.1402     7.1963     3.7791
   14.1502     7.2340     3.7732
   14.1602     7.2717     3.7668
   14.1702     7.3094     3.7600
   14.1802     7.3469     3.7527
   14.1902     7.3844     3.7450
   14.2002     7.4218     3.7368
   14.2102     7.4592     3.7282
   14.2202     7.4964     3.7191
   14.2302     7.5335     3.7095
   14.2402     7.5706     3.6995
   14.2502     7.6075     3.6890
   14.2602     7.6444     3.6780
   14.2702     7.6811     3.6666
   14.2802     7.7177     3.6547
   14.2902     7.7542     3.6422
   14.3002     7.7905     3.6294
   14.3102     7.8268     3.6160
   14.3202     7.8629     3.6021
   14.3302     7.8988     3.5878
   14.3402     7.9346     3.5729
   14.3502     7.9703     3.5576
   14.3602     8.0058     3.5417
   14.3702     8.0411     3.5254
   14.3802     8.0763     3.5086
   14.3902     8.1113     3.4913
   14.4002     8.1461     3.4734
   14.4102     8.1807     3.4551
   14.4202     8.2152     3.4363
   14.4302     8.2495     3.4169
   14.4402     8.2835     3.3971
   14.4502     8.3174     3.3768
   14.4602     8.3511     3.3559
   14.4702     8.3845     3.3346
   14.4802     8.4178     3.3127
   14.4902     8.4508     3.2903
   14.5002     8.4836     3.2675
   14.5102     8.5161     3.2441
   14.5202     8.5484     3.2202
   14.5302     8.5805     3.1958
   14.5402     8.6124     3.1710
   14.5502     8.6439     3.1456
   14.5602     8.6753     3.1197
   14.5702     8.7063     3.0933
   14.5802     8.7371     3.0664
   14.5902     8.7677     3.0390
   14.6002     8.7979     3.0112
   14.6102     8.8279     2.9828
   14.6202     8.8576     2.9539
   14.6302     8.8870     2.9246
   14.6402     8.9160     2.8947
   14.6502     8.9448     2.8644
   14.6602     8.9733     2.8336
   14.6702     9.0015     2.8023
   14.6802     9.0294     2.7705
   14.6902     9.0569     2.7383
   14.7002     9.0841     2.7056
   14.7102     9.1110     2.6724
   14.7202     9.1376     2.6388
   14.7302     9.1638     2.6047
   14.7402     9.1897     2.5701
   14.7502     9.2152     2.5351
   14.7602     9.2404     2.4997
   14.7702     9.2652     2.4638
   14.7802     9.2897     2.4275
   14.7902     9.3137     2.3907
   14.8002     9.3375     2.3535
   14.8102     9.3608     2.3159
   14.8202     9.3838     2.2778
   14.8302     9.4064     2.2394
   14.8402     9.4286     2.2005
   14.8502     9.4504     2.1613
   14.8602     9.4718     2.1216
   14.8702     9.4928     2.0816
   14.8802     9.5134     2.0411
   14.8902     9.5336     2.0003
   14.9002     9.5534     1.9591
   14.9102     9.5728     1.9176
   14.9202     9.5918     1.8757
   14.9302     9.6103     1.8334
   14.9402     9.6285     1.7908
   14.9502     9.6461     1.7479
   14.9602     9.6634     1.7046
   14.9702     9.6802     1.6610
   14.9802     9.6966     1.6171
   14.9902     9.7126     1.5729
   15.0002     9.7281     1.5283
   15.0102     9.7431     1.4835
   15.0202     9.7578     1.4384
   15.0302     9.7719     1.3930
   15.0402     9.7856     1.3474
   15.0502     9.7989     1.3015
   15.0602     9.8116     1.2553
   15.0702     9.8240     1.2089
   15.0802     9.8358     1.1623
   15.0903     9.8472     1.1154
   15.1003     9.8581     1.0683
   15.1103     9.8686     1.0210
   15.1203     9.8785     0.9735
   15.1303     9.8880     0.9258
   15.1403     9.8971     0.8780
   15.1503     9.9056     0.8299
   15.1603     9.9137     0.7817
   15.1703     9.9212     0.7333
   15.1803     9.9283     0.6848
   15.1903     9.9349     0.6362
   15.2003     9.9410     0.5874
   15.2103     9.9467     0.5385
   15.2203     9.9518     0.4896
   15.2303     9.9565     0.4405
   15.2403     9.9606     0.3913
   15.2503     9.9643     0.3420
   15.2603     9.9675     0.2927
   15.2703     9.9701     0.2433
   15.2803     9.9723     0.1939
   15.2903     9.9740     0.1445
   15.3003     9.9752     0.0950
   15.3103     9.9759     0.0454
   15.3203     9.9761    -0.0041
   15.3303     9.9758    -0.0536
   15.3403     9.9751    -0.1031
   15.3503     9.9738    -0.1526
   15.3603     9.9720    -0.2021
   15.3703     9.9697    -0.2515
   15.3803     9.9670    -0.3008
   15.3903     9.9637    -0.3502
   15.4003     9.9600    -0.3994
   15.4103     9.9557    -0.4486
   15.4203     9.9510    -0.4976
   15.4303     9.9458    -0.5466
   15.4403     9.9401    -0.5955
   15.4503     9.9339    -0.6442
   15.4603     9.9272    -0.6928
   15.4703     9.9200    -0.7413
   15.4803     9.9124    -0.7896
   15.4903     9.9042    -0.8378
   15.5003     9.8956    -0.8858
   15.5103     9.8865    -0.9337
   15.5203     9.8769    -0.9813
   15.5303     9.8669    -1.0288
   15.5403     9.8564    -1.0761
   15.5503     9.8454    -1.1231
   15.5603     9.8339    -1.1699
   15.5703     9.8220    -1.2165
   15.5803     9.8096    -1.2629
   15.5903     9.7967    -1.3090
   15.6003     9.7834    -1.3549
   15.6103     9.7696    -1.4005
   15.6203     9.7554    -1.4458
   15.6303     9.7407    -1.4909
   15.6403     9.7256    -1.5357
   15.6503     9.7100    -1.5801
   15.6603     9.6940    -1.6243
   15.6703     9.6775    -1.6682
   15.6803     9.6606    -1.7117
   15.6903     9.6433    -1.7549
   15.7003     9.6255    -1.7978
   15.7103     9.6073    -1.8404
   15.7203     9.5887    -1.8826
   15.7303     9.5697    -1.9244
   15.7403     9.5502    -1.9659
   15.7503     9.5303    -2.0071
   15.7603     9.5101    -2.0478
   15.7703     9.4894    -2.0882
   15.7803     9.4683    -2.1282
   15.7903     9.4468    -2.1678
   15.8003     9.4249    -2.2069
   15.8103     9.4027    -2.2457
   15.8203     9.3800    -2.2841
   15.8303     9.3570    -2.3221
   15.8403     9.3336    -2.3596
   15.8503     9.3098    -2.3968
   15.8603     9.2857    -2.4335
   15.8703     9.2611    -2.4697
   15.8803     9.2363    -2.5055
   15.8903     9.2110    -2.5409
   15.9003     9.1855    -2.5759
   15.9103     9.1595    -2.6103
   15.9203     9.1332    -2.6444
   15.9303     9.1066    -2.6779
   15.9403     9.0797    -2.7110
   15.9503     9.0524    -2.7436
   15.9603     9.0248    -2.7758
   15.9703     8.9969    -2.8075
   15.9803     8.9687    -2.8387
   15.9903     8.9401    -2.8694
   16.0003     8.9113    -2.8997
   16.0103     8.8821    -2.9294
   16.0203     8.8527    -2.9587
   16.0303     8.8230    -2.9875
   16.0403     8.7929    -3.0158
   16.0503     8.7627    -3.0436
   16.0603     8.7321    -3.0709
   16.0703     8.7012    -3.0977
   16.0803     8.6701    -3.1240
   16.0903     8.6388    -3.1498
   16.1003     8.6071    -3.1751
   16.1103     8.5753    -3.1999
   16.1203     8.5431    -3.2242
   16.1303     8.5108    -3.2480
   16.1403     8.4782    -3.2713
   16.1503     8.4454    -3.2941
   16.1603     8.4123    -3.3163
   16.1703     8.3790    -3.3381
   16.1803     8.3455    -3.3594
   16.1903     8.3118    -3.3801
   16.2003     8.2779    -3.4004
   16.2103     8.2438    -3.4202
   16.2203     8.2095    -3.4394
   16.2303     8.1750    -3.4582
   16.2403     8.1404    -3.4764
   16.2503     8.1055    -3.4942
   16.2603     8.0705    -3.5114
   16.2703     8.0353    -3.5281
   16.2803     7.9999    -3.5444
   16.2903     7.9644    -3.5601
   16.3003     7.9287    -3.5754
   16.3103     7.8929    -3.5902
   16.3203     7.8569    -3.6044
   16.3303     7.8208    -3.6182
   16.3403     7.7846    -3.6315
   16.3503     7.7482    -3.6443
   16.3603     7.7117    -3.6567
   16.3703     7.6751    -3.6685
   16.3803     7.6383    -3.6799
   16.3903     7.6015    -3.6908
   16.4003     7.5645    -3.7012
   16.4103     7.5274    -3.7111
   16.4203     7.4903    -3.7206
   16.4303     7.4530    -3.7296
   16.4403     7.4157    -3.7382
   16.4503     7.3783    -3.7463
   16.4603     7.3408    -3.7540
   16.4703     7.3032    -3.7612
   16.4803     7.2655    -3.7679
   16.4903     7.2278    -3.7742
   16.5003     7.1901    -3.7801
   16.5103     7.1522    -3.7855
   16.5203     7.1143    -3.7905
   16.5303     7.0764    -3.7951
   16.5403     7.0384    -3.7992
   16.5503     7.0004    -3.8029
   16.5603     6.9624    -3.8062
   16.5703     6.9243    -3.8091
   16.5803     6.8862    -3.8116
   16.5903     6.8481    -3.8136
   16.6003     6.8099    -3.8153
   16.6103     6.7718    -3.8166
   16.6203     6.7336    -3.8174
   16.6303     6.6954    -3.8179
   16.6403     6.6572    -3.8180
   16.6503     6.6191    -3.8177
   16.6603     6.5809    -3.8171
   16.6703     6.5427    -3.8160
   16.6803     6.5046    -3.8146
   16.6903     6.4664    -3.8129
   16.7003     6.4283    -3.8107
   16.7103     6.3902    -3.8083
   16.7203     6.3522    -3.8055
   16.7303     6.3141    -3.8023
   16.7403     6.2761    -3.7988
   16.7503     6.2381    -3.7949
   16.7603     6.2002    -3.7908
   16.7703     6.1623    -3.7863
   16.7803     6.1245    -3.7814
   16.7903     6.0867    -3.7763
   16.8003     6.0490    -3.7708
   16.8103     6.0113    -3.7651
   16.8203     5.9737    -3.7590
   16.8303     5.9361    -3.7527
   16.8403     5.8986    -3.7460
   16.8503     5.8612    -3.7391
   16.8603     5.8238    -3.7319
   16.8703     5.7866    -3.7244
   16.8803     5.7493    -3.7166
   16.8903     5.7122    -3.7085
   16.9003     5.6752    -3.7002
   16.9103     5.6382    -3.6917
   16.9203     5.6013    -3.6828
   16.9303     5.5646    -3.6738
   16.9403     5.5279    -3.6644
   16.9503     5.4913    -3.6549
   16.9603     5.4548    -3.6451
   16.9703     5.4184    -3.6350
   16.9803     5.3821    -3.6248
   16.9903     5.3459    -3.6143
   17.0003     5.3098    -3.6036
   17.0103     5.2738    -3.5927
   17.0203     5.2379    -3.5816
   17.0303     5.2022    -3.5702
   17.0403     5.1665    -3.5587
   17.0503     5.1310    -3.5470
   17.0603     5.0956    -3.5351
   17.0703     5.0603    -3.5230
   17.0803     5.0251    -3.5107
   17.0903     4.9901    -3.4982
   17.1003     4.9552    -3.4856
   17.1103     4.9204    -3.4728
   17.1203     4.8857    -3.4598
   17.1303     4.8512    -3.4467
   17.1403     4.8168    -3.4334
   17.1503     4.7825    -3.4200
   17.1603     4.7484    -3.4064
   17.1703     4.7144    -3.3926
   17.1803     4.6805    -3.3788
   17.1903     4.6468    -3.3647
   17.2003     4.6132    -3.3506
   17.2103     4.5798    -3.3363
   17.2203     4.5465    -3.3219
   17.2303     4.5134    -3.3074
   17.2403     4.4804    -3.2928
   17.2503     4.4475    -3.2780
   17.2603     4.4148    -3.2632
   17.2703     4.3822    -3.2482
   17.2803     4.3498    -3.2331
   17.2903     4.3176    -3.2180
   17.3003     4.2855    -3.2027
   17.3103     4.2535    -3.1874
   17.3203     4.2217    -3.1719
   17.3303     4.1901    -3.1564
   17.3403     4.1586    -3.1408
   17.3503     4.1273    -3.1251
   17.3603     4.0961    -3.1093
   17.3703     4.0651    -3.0935
   17.3803     4.0342    -3.0776
   17.3903     4.0035    -3.0617
   17.4003     3.9730    -3.0456
   17.4103     3.9426    -3.0296
   17.4203     3.9124    -3.0134
   17.4303     3.8824    -2.9972
   17.4403     3.8525    -2.9810
   17.4503     3.8227    -2.9647
   17.4603     3.7932    -2.9484
   17.4703     3.7638    -2.9320
   17.4803     3.7345    -2.9156
   17.4903     3.7055    -2.8992
   17.5003     3.6765    -2.8827
   17.5103     3.6478    -2.8662
   17.5203     3.6192    -2.8496
   17.5303     3.5908    -2.8331
   17.5403     3.5626    -2.8165
   17.5503     3.5345    -2.7999
   17.5603     3.5066    -2.7833
   17.5703     3.4788    -2.7667
   17.5803     3.4512    -2.7500
   17.5903     3.4238    -2.7334
   17.6003     3.3966    -2.7167
   17.6103     3.3695    -2.7001
   17.6203     3.3426    -2.6834
   17.6303     3.3158    -2.6667
   17.6403     3.2892    -2.6501
   17.6503     3.2628    -2.6334
   17.6603     3.2366    -2.6167
   17.6703     3.2105    -2.6001
   17.6803     3.1846    -2.5835
   17.6903     3.1588    -2.5668
   17.7003     3.1332    -2.5502
   17.7103     3.1078    -2.5336
   17.7203     3.0825    -2.5170
   17.7303     3.0575    -2.5005
   17.7403     3.0325    -2.4839
   17.7503     3.0078    -2.4674
   17.7603     2.9832    -2.4509
   17.7703     2.9588    -2.4344
   17.7803     2.9345    -2.4180
   17.7903     2.9104    -2.4016
   17.8003     2.8865    -2.3852
   17.8103     2.8627    -2.3689
   17.8203     2.8391    -2.3525
   17.8303     2.8156    -2.3363
   17.8403     2.7924    -2.3200
   17.8503     2.7692    -2.3038
   17.8603     2.7463    -2.2876
   17.8703     2.7235    -2.2715
   17.8803     2.7009    -2.2554
   17.8903     2.6784    -2.2394
   17.9003     2.6561    -2.2234
   17.9103     2.6339    -2.2074
   17.9203     2.6119    -2.1915
   17.9303     2.5901    -2.1756
   17.9403     2.5684    -2.1598
   17.9503     2.5469    -2.1441
   17.9603     2.5255    -2.1284
   17.9703     2.5043    -2.1127
   17.9803     2.4833    -2.0971
   17.9903     2.4624    -2.0815
   18.0003     2.4416    -2.0660
   18.0103     2.4211    -2.0506
   18.0203     2.4006    -2.0352
   18.0303     2.3804    -2.0199
   18.0403     2.3602    -2.0046
   18.0503     2.3403    -1.9894
   18.0603     2.3204    -1.9742
   18.0703     2.3008    -1.9591
   18.0803     2.2813    -1.9441
   18.0903     2.2619    -1.9291
   18.1003     2.2427    -1.9142
   18.1103     2.2236    -1.8993
   18.1203     2.2047    -1.8845
   18.1303     2.1859    -1.8698
   18.1403     2.1673    -1.8552
   18.1503     2.1488    -1.8406
   18.1603     2.1305    -1.8260
   18.1703     2.1123    -1.8116
   18.1803     2.0943    -1.7972
   18.1903     2.0764    -1.7828
   18.2003     2.0586    -1.7686
   18.2103     2.0410    -1.7544
   18.2203     2.0235    -1.7403
   18.2303     2.0062    -1.7262
   18.2403     1.9890    -1.7122
   18.2503     1.9719    -1.6983
   18.2603     1.9550    -1.6844
   18.2703     1.9382    -1.6707
   18.2803     1.9216    -1.6569
   18.2903     1.9051    -1.6433
   18.3003     1.8887    -1.6297
   18.3103     1.8725    -1.6162
   18.3203     1.8564    -1.6028
   18.3303     1.8405    -1.5894
   18.3403     1.8246    -1.5761
   18.3503     1.8089    -1.5629
   18.3603     1.7934    -1.5498
   18.3703     1.7779    -1.5367
   18.3803     1.7626    -1.5237
   18.3903     1.7475    -1.5108
   18.4003     1.7324    -1.4979
   18.4103     1.7175    -1.4851
   18.4203     1.7027    -1.4724
   18.4303     1.6881    -1.4598
   18.4403     1.6735    -1.4472
   18.4503     1.6591    -1.4347
   18.4603     1.6448    -1.4223
   18.4703     1.6307    -1.4099
   18.4803     1.6166    -1.3977
   18.4903     1.6027    -1.3854
   18.5003     1.5889    -1.3733
   18.5103     1.5752    -1.3612
   18.5203     1.5617    -1.3492
   18.5303     1.5483    -1.3373
   18.5403     1.5349    -1.3255
   18.5503     1.5217    -1.3137
   18.5603     1.5087    -1.3020
   18.5703     1.4957    -1.2903
   18.5803     1.4829    -1.2788
   18.5903     1.4701    -1.2673
   18.6003     1.4575    -1.2559
   18.6103     1.4450    -1.2445
   18.6203     1.4326    -1.2332
   18.6303     1.4204    -1.2220
   18.6403     1.4082    -1.2109
   18.6503     1.3961    -1.1998
   18.6603     1.3842    -1.1888
   18.6703     1.3724    -1.1779
   18.6803     1.3606    -1.1670
   18.6903     1.3490    -1.1562
   18.7003     1.3375    -1.1455
   18.7103     1.3261    -1.1348
   18.7203     1.3148    -1.1242
   18.7303     1.3036    -1.1137
   18.7403     1.2925    -1.1033
   18.7503     1.2816    -1.0929
   18.7603     1.2707    -1.0825
   18.7703     1.2599    -1.0723
   18.7803     1.2492    -1.0621
   18.7903     1.2387    -1.0520
   18.8003     1.2282    -1.0419
   18.8103     1.2178    -1.0320
   18.8203     1.2076    -1.0220
   18.8303     1.1974    -1.0122
   18.8403     1.1873    -1.0024
   18.8503     1.1773    -0.9927
   18.8603     1.1675    -0.9830
   18.8703     1.1577    -0.9734
   18.8803     1.1480    -0.9639
   18.8903     1.1384    -0.9544
   18.9003     1.1289    -0.9450
   18.9103     1.1195    -0.9356
   18.9203     1.1102    -0.9264
   18.9303     1.1010    -0.9171
   18.9403     1.0918    -0.9080
   18.9503     1.0828    -0.8989
   18.9603     1.0739    -0.8898
   18.9703     1.0650    -0.8809
   18.9803     1.0563    -0.8719
   18.9903     1.0476    -0.8631
   19.0003     1.0390    -0.8543
   19.0103     1.0305    -0.8455
   19.0203     1.0221    -0.8369
   19.0303     1.0138    -0.8282
   19.0403     1.0055    -0.8197
   19.0503     0.9974    -0.8112
   19.0603     0.9893    -0.8027
   19.0703     0.9813    -0.7943
   19.0803     0.9734    -0.7860
   19.0903     0.9656    -0.7777
   19.1003     0.9579    -0.7694
   19.1103     0.9502    -0.7613
   19.1203     0.9426    -0.7532
   19.1303     0.9351    -0.7451
   19.1403     0.9277    -0.7371
   19.1503     0.9204    -0.7291
   19.1603     0.9131    -0.7212
   19.1703     0.9060    -0.7133
   19.1803     0.8989    -0.7055
   19.1903     0.8919    -0.6978
   19.2003     0.8849    -0.6901
   19.2103     0.8781    -0.6824
   19.2203     0.8713    -0.6748
   19.2303     0.8646    -0.6673
   19.2403     0.8579    -0.6598
   19.2503     0.8514    -0.6523
   19.2603     0.8449    -0.6449
   19.2703     0.8385    -0.6376
   19.2803     0.8321    -0.6303
   19.2903     0.8259    -0.6230
   19.3003     0.8197    -0.6158
   19.3103     0.8135    -0.6086
   19.3203     0.8075    -0.6015
   19.3303     0.8015    -0.5945
   19.3403     0.7956    -0.5874
   19.3503     0.7898    -0.5804
   19.3603     0.7840    -0.5735
   19.3703     0.7783    -0.5666
   19.3803     0.7727    -0.5598
   19.3903     0.7671    -0.5529
   19.4003     0.7616    -0.5462
   19.4103     0.7562    -0.5395
   19.4203     0.7508    -0.5328
   19.4303     0.7455    -0.5261
   19.4403     0.7403    -0.5195
   19.4503     0.7351    -0.5130
   19.4604     0.7300    -0.5064
   19.4704     0.7250    -0.5000
   19.4804     0.7200    -0.4935
   19.4904     0.7151    -0.4871
   19.5004     0.7103    -0.4808
   19.5104     0.7055    -0.4744
   19.5204     0.7008    -0.4681
   19.5304     0.6961    -0.4619
   19.5404     0.6916    -0.4557
   19.5504     0.6870    -0.4495
   19.5604     0.6826    -0.4433
   19.5704     0.6782    -0.4372
   19.5804     0.6738    -0.4312
   19.5904     0.6695    -0.4251
   19.6004     0.6653    -0.4191
   19.6104     0.6612    -0.4131
   19.6204     0.6571    -0.4072
   19.6304     0.6530    -0.4013
   19.6404     0.6490    -0.3954
   19.6504     0.6451    -0.3896
   19.6604     0.6412    -0.3838
   19.6704     0.6374    -0.3780
   19.6804     0.6337    -0.3722
   19.6904     0.6300    -0.3665
   19.7004     0.6264    -0.3608
   19.7104     0.6228    -0.3552
   19.7204     0.6192    -0.3495
   19.7304     0.6158    -0.3439
   19.7404     0.6124    -0.3384
   19.7504     0.6090    -0.3328
   19.7604     0.6057    -0.3273
   19.7704     0.6025    -0.3218
   19.7804     0.5993    -0.3163
   19.7904     0.5961    -0.3109
   19.8004     0.5931    -0.3055
   19.8104     0.5900    -0.3001
   19.8204     0.5871    -0.2947
   19.8304     0.5841    -0.2894
   19.8404     0.5813    -0.2841
   19.8504     0.5785    -0.2788
   19.8604     0.5757    -0.2735
   19.8704     0.5730    -0.2682
   19.8804     0.5703    -0.2630
   19.8904     0.5677    -0.2578
   19.9004     0.5652    -0.2526
   19.9104     0.5627    -0.2475
   19.9204     0.5602    -0.2423
   19.9304     0.5578    -0.2372
   19.9404     0.5555    -0.2321
   19.9504     0.5532    -0.2270
   19.9604     0.5509    -0.2220
   19.9704     0.5487    -0.2169
   19.9804     0.5466    -0.2119
   19.9904     0.5445    -0.2069
   20.0004     0.5425    -0.2019
