    0.0000     1.0000     0.0000
    0.0100     1.0000    -0.0083
    0.0200     0.9998    -0.0166
    0.0300     0.9996    -0.0249
    0.0400     0.9993    -0.0332
    0.0500     0.9990    -0.0415
    0.0600     0.9985    -0.0497
    0.0700     0.9980    -0.0580
    0.0800     0.9973    -0.0662
    0.0900     0.9966    -0.0744
    0.1000     0.9959    -0.0826
    0.1100     0.9950    -0.0908
    0.1200     0.9940    -0.0990
    0.1300     0.9930    -0.1072
    0.1400     0.9919    -0.1153
    0.1500     0.9907    -0.1234
    0.1600     0.9894    -0.1315
    0.1700     0.9881    -0.1396
    0.1800     0.9866    -0.1477
    0.1900     0.9851    -0.1557
    0.2000     0.9835    -0.1637
    0.2100     0.9818    -0.1717
    0.2200     0.9801    -0.1797
    0.2300     0.9783    -0.1876
    0.2400     0.9763    -0.1956
    0.2500     0.9743    -0.2034
    0.2600     0.9723    -0.2113
    0.2700     0.9701    -0.2192
    0.2800     0.9679    -0.2270
    0.2900     0.9656    -0.2348
    0.3000     0.9632    -0.2425
    0.3100     0.9607    -0.2503
    0.3200     0.9582    -0.2580
    0.3300     0.9556    -0.2656
    0.3400     0.9529    -0.2733
    0.3500     0.9501    -0.2809
    0.3600     0.9473    -0.2885
    0.3700     0.9443    -0.2960
    0.3800     0.9413    -0.3035
    0.3900     0.9383    -0.3110
    0.4000     0.9351    -0.3184
    0.4100     0.9319    -0.3258
    0.4200     0.9286    -0.3332
    0.4300     0.9252    -0.3406
    0.4400     0.9218    -0.3478
    0.4500     0.9183    -0.3551
    0.4600     0.9147    -0.3623
    0.4700     0.9110    -0.3695
    0.4800     0.9073    -0.3766
    0.4900     0.9035    -0.3837
    0.5000     0.8996    -0.3908
    0.5100     0.8957    -0.3978
    0.5200     0.8917    -0.4048
    0.5300     0.8876    -0.4117
    0.5400     0.8834    -0.4186
    0.5500     0.8792    -0.4255
    0.5600     0.8749    -0.4323
    0.5700     0.8706    -0.4390
    0.5800     0.8661    -0.4458
    0.5900     0.8616    -0.4524
    0.6000     0.8571    -0.4590
    0.6100     0.8525    -0.4656
    0.6200     0.8478    -0.4722
    0.6300     0.8430    -0.4786
    0.6400     0.8382    -0.4851
    0.6500     0.8333    -0.4915
    0.6600     0.8284    -0.4978
    0.6700     0.8234    -0.5041
    0.6800     0.8183    -0.5103
    0.6900     0.8132    -0.5165
    0.7000     0.8080    -0.5226
    0.7100     0.8027    -0.5287
    0.7200     0.7974    -0.5348
    0.7300     0.7920    -0.5407
    0.7400     0.7866    -0.5467
    0.7500     0.7811    -0.5525
    0.7600     0.7755    -0.5584
    0.7700     0.7699    -0.5641
    0.7800     0.7642    -0.5699
    0.7900     0.7585    -0.5755
    0.8000     0.7527    -0.5811
    0.8100     0.7469    -0.5867
    0.8200     0.7410    -0.5922
    0.8300     0.7351    -0.5976
    0.8400     0.7290    -0.6030
    0.8500     0.7230    -0.6083
    0.8600     0.7169    -0.6136
    0.8700     0.7107    -0.6188
    0.8800     0.7045    -0.6240
    0.8900     0.6982    -0.6291
    0.9000     0.6919    -0.6341
    0.9100     0.6856    -0.6391
    0.9200     0.6791    -0.6440
    0.9300     0.6727    -0.6489
    0.9400     0.6662    -0.6537
    0.9500     0.6596    -0.6584
    0.9600     0.6530    -0.6631
    0.9700     0.6463    -0.6677
    0.9800     0.6396    -0.6723
    0.9900     0.6329    -0.6768
    1.0000     0.6261    -0.6812
    1.0100     0.6193    -0.6856
    1.0200     0.6124    -0.6899
    1.0300     0.6055    -0.6941
    1.0400     0.5985    -0.6983
    1.0500     0.5915    -0.7025
    1.0600     0.5845    -0.7065
    1.0700     0.5774    -0.7105
    1.0800     0.5703    -0.7145
    1.0900     0.5631    -0.7184
    1.1000     0.5559    -0.7222
    1.1100     0.5487    -0.7259
    1.1200     0.5414    -0.7296
    1.1300     0.5341    -0.7332
    1.1400     0.5267    -0.7368
    1.1500     0.5193    -0.7403
    1.1600     0.5119    -0.7437
    1.1700     0.5044    -0.7471
    1.1800     0.4970    -0.7504
    1.1900     0.4894    -0.7536
    1.2000     0.4819    -0.7568
    1.2100     0.4743    -0.7599
    1.2200     0.4667    -0.7629
    1.2300     0.4590    -0.7659
    1.2400     0.4514    -0.7688
    1.2500     0.4437    -0.7716
    1.2600     0.4359    -0.7744
    1.2700     0.4282    -0.7771
    1.2800     0.4204    -0.7797
    1.2900     0.4126    -0.7823
    1.3000     0.4048    -0.7848
    1.3100     0.3969    -0.7873
    1.3200     0.3890    -0.7896
    1.3300     0.3811    -0.7920
    1.3400     0.3732    -0.7942
    1.3500     0.3652    -0.7964
    1.3600     0.3572    -0.7985
    1.3700     0.3492    -0.8005
    1.3800     0.3412    -0.8025
    1.3900     0.3332    -0.8044
    1.4000     0.3251    -0.8062
    1.4100     0.3171    -0.8080
    1.4200     0.3090    -0.8097
    1.4300     0.3009    -0.8114
    1.4400     0.2928    -0.8129
    1.4500     0.2846    -0.8144
    1.4600     0.2765    -0.8159
    1.4700     0.2683    -0.8172
    1.4800     0.2601    -0.8185
    1.4900     0.2519    -0.8198
    1.5000     0.2437    -0.8209
    1.5100     0.2355    -0.8220
    1.5200     0.2273    -0.8231
    1.5300     0.2191    -0.8240
    1.5400     0.2108    -0.8249
    1.5500     0.2026    -0.8258
    1.5600     0.1943    -0.8265
    1.5700     0.1860    -0.8272
    1.5800     0.1778    -0.8279
    1.5900     0.1695    -0.8284
    1.6000     0.1612    -0.8289
    1.6100     0.1529    -0.8293
    1.6200     0.1446    -0.8297
    1.6300     0.1363    -0.8300
    1.6400     0.1280    -0.8302
    1.6500     0.1197    -0.8304
    1.6600     0.1114    -0.8305
    1.6700     0.1031    -0.8305
    1.6800     0.0948    -0.8305
    1.6900     0.0865    -0.8304
    1.7000     0.0782    -0.8302
    1.7100     0.0699    -0.8300
    1.7200     0.0616    -0.8297
    1.7300     0.0533    -0.8293
    1.7400     0.0450    -0.8288
    1.7500     0.0367    -0.8283
    1.7600     0.0284    -0.8278
    1.7700     0.0201    -0.8271
    1.7800     0.0119    -0.8264
    1.7900     0.0036    -0.8257
    1.8000    -0.0046    -0.8249
    1.8100    -0.0129    -0.8240
    1.8200    -0.0211    -0.8230
    1.8300    -0.0293    -0.8220
    1.8400    -0.0376    -0.8209
    1.8500    -0.0458    -0.8197
    1.8600    -0.0539    -0.8185
    1.8700    -0.0621    -0.8172
    1.8800    -0.0703    -0.8159
    1.8900    -0.0784    -0.8145
    1.9000    -0.0866    -0.8130
    1.9100    -0.0947    -0.8115
    1.9200    -0.1028    -0.8099
    1.9300    -0.1109    -0.8082
    1.9400    -0.1190    -0.8065
    1.9500    -0.1270    -0.8047
    1.9600    -0.1351    -0.8028
    1.9700    -0.1431    -0.8009
    1.9800    -0.1511    -0.7989
    1.9900    -0.1591    -0.7969
    2.0000    -0.1670    -0.7948
    2.0100    -0.1750    -0.7926
    2.0200    -0.1829    -0.7904
    2.0300    -0.1908    -0.7881
    2.0400    -0.1986    -0.7858
    2.0500    -0.2065    -0.7834
    2.0600    -0.2143    -0.7809
    2.0700    -0.2221    -0.7784
    2.0800    -0.2299    -0.7758
    2.0900    -0.2376    -0.7731
    2.1000    -0.2453    -0.7704
    2.1100    -0.2530    -0.7677
    2.1200    -0.2607    -0.7648
    2.1300    -0.2683    -0.7619
    2.1400    -0.2759    -0.7590
    2.1500    -0.2835    -0.7560
    2.1600    -0.2910    -0.7529
    2.1700    -0.2986    -0.7498
    2.1800    -0.3060    -0.7466
    2.1900    -0.3135    -0.7434
    2.2000    -0.3209    -0.7401
    2.2100    -0.3283    -0.7368
    2.2200    -0.3356    -0.7334
    2.2300    -0.3430    -0.7299
    2.2400    -0.3502    -0.7264
    2.2500    -0.3575    -0.7228
    2.2600    -0.3647    -0.7192
    2.2700    -0.3719    -0.7155
    2.2800    -0.3790    -0.7118
    2.2900    -0.3861    -0.7080
    2.3000    -0.3932    -0.7042
    2.3100    -0.4002    -0.7003
    2.3200    -0.4072    -0.6963
    2.3300    -0.4141    -0.6923
    2.3400    -0.4210    -0.6882
    2.3500    -0.4279    -0.6841
    2.3600    -0.4347    -0.6800
    2.3700    -0.4415    -0.6758
    2.3800    -0.4482    -0.6715
    2.3900    -0.4549    -0.6672
    2.4000    -0.4616    -0.6628
    2.4100    -0.4682    -0.6584
    2.4200    -0.4747    -0.6540
    2.4300    -0.4812    -0.6494
    2.4400    -0.4877    -0.6449
    2.4500    -0.4941    -0.6403
    2.4600    -0.5005    -0.6356
    2.4700    -0.5069    -0.6309
    2.4800    -0.5131    -0.6262
    2.4900    -0.5194    -0.6214
    2.5000    -0.5256    -0.6165
    2.5100    -0.5317    -0.6116
    2.5200    -0.5378    -0.6067
    2.5300    -0.5438    -0.6017
    2.5400    -0.5498    -0.5967
    2.5500    -0.5558    -0.5916
    2.5600    -0.5617    -0.5865
    2.5700    -0.5675    -0.5813
    2.5800    -0.5733    -0.5761
    2.5900    -0.5790    -0.5709
    2.6000    -0.5847    -0.5656
    2.6100    -0.5903    -0.5603
    2.6200    -0.5959    -0.5549
    2.6300    -0.6014    -0.5495
    2.6400    -0.6069    -0.5440
    2.6500    -0.6123    -0.5385
    2.6600    -0.6177    -0.5330
    2.6700    -0.6230    -0.5274
    2.6800    -0.6282    -0.5218
    2.6900    -0.6334    -0.5162
    2.7000    -0.6385    -0.5105
    2.7100    -0.6436    -0.5048
    2.7200    -0.6486    -0.4990
    2.7300    -0.6536    -0.4932
    2.7400    -0.6585    -0.4874
    2.7500    -0.6634    -0.4815
    2.7600    -0.6681    -0.4756
    2.7700    -0.6729    -0.4697
    2.7800    -0.6775    -0.4637
    2.7900    -0.6821    -0.4577
    2.8000    -0.6867    -0.4517
    2.8100    -0.6912    -0.4456
    2.8200    -0.6956    -0.4395
    2.8300    -0.7000    -0.4334
    2.8400    -0.7043    -0.4272
    2.8500    -0.7085    -0.4210
    2.8600    -0.7127    -0.4148
    2.8700    -0.7168    -0.4086
    2.8800    -0.7209    -0.4023
    2.8900    -0.7248    -0.3960
    2.9000    -0.7288    -0.3897
    2.9100    -0.7326    -0.3833
    2.9200    -0.7364    -0.3769
    2.9300    -0.7402    -0.3705
    2.9400    -0.7439    -0.3641
    2.9500    -0.7475    -0.3576
    2.9600    -0.7510    -0.3511
    2.9700    -0.7545    -0.3446
    2.9800    -0.7579    -0.3381
    2.9900    -0.7612    -0.3315
    3.0000    -0.7645    -0.3250
    3.0100    -0.7677    -0.3184
    3.0200    -0.7709    -0.3117
    3.0300    -0.7740    -0.3051
    3.0400    -0.7770    -0.2984
    3.0500    -0.7799    -0.2918
    3.0600    -0.7828    -0.2851
    3.0700    -0.7856    -0.2784
    3.0800    -0.7884    -0.2716
    3.0900    -0.7911    -0.2649
    3.1000    -0.7937    -0.2581
    3.1100    -0.7962    -0.2514
    3.1200    -0.7987    -0.2446
    3.1300    -0.8011    -0.2378
    3.1400    -0.8035    -0.2309
    3.1500    -0.8058    -0.2241
    3.1600    -0.8080    -0.2173
    3.1700    -0.8101    -0.2104
    3.1800    -0.8122    -0.2035
    3.1900    -0.8142    -0.1967
    3.2000    -0.8161    -0.1898
    3.2100    -0.8180    -0.1829
    3.2200    -0.8198    -0.1760
    3.2300    -0.8215    -0.1690
    3.2400    -0.8231    -0.1621
    3.2500    -0.8247    -0.1552
    3.2600    -0.8262    -0.1483
    3.2700    -0.8277    -0.1413
    3.2800    -0.8291    -0.1344
    3.2900    -0.8304    -0.1274
    3.3000    -0.8316    -0.1205
    3.3100    -0.8328    -0.1135
    3.3200    -0.8339    -0.1065
    3.3300    -0.8349    -0.0996
    3.3400    -0.8359    -0.0926
    3.3500    -0.8368    -0.0856
    3.3600    -0.8376    -0.0787
    3.3700    -0.8383    -0.0717
    3.3800    -0.8390    -0.0647
    3.3900    -0.8396    -0.0578
    3.4000    -0.8402    -0.0508
    3.4100    -0.8407    -0.0438
    3.4200    -0.8411    -0.0369
    3.4300    -0.8414    -0.0299
    3.4400    -0.8417    -0.0230
    3.4500    -0.8419    -0.0160
    3.4600    -0.8420    -0.0091
    3.4700    -0.8420    -0.0021
    3.4800    -0.8420     0.0048
    3.4900    -0.8419     0.0117
    3.5000    -0.8418     0.0186
    3.5100    -0.8416     0.0255
    3.5200    -0.8413     0.0324
    3.5300    -0.8409     0.0393
    3.5400    -0.8405     0.0462
    3.5500    -0.8400     0.0530
    3.5600    -0.8394     0.0599
    3.5700    -0.8388     0.0667
    3.5800    -0.8381     0.0735
    3.5900    -0.8373     0.0804
    3.6000    -0.8365     0.0872
    3.6100    -0.8356     0.0939
    3.6200    -0.8346     0.1007
    3.6300    -0.8336     0.1075
    3.6400    -0.8325     0.1142
    3.6500    -0.8313     0.1209
    3.6600    -0.8300     0.1276
    3.6700    -0.8287     0.1343
    3.6800    -0.8274     0.1410
    3.6900    -0.8259     0.1477
    3.7000    -0.8244     0.1543
    3.7100    -0.8228     0.1609
    3.7200    -0.8212     0.1675
    3.7300    -0.8195     0.1741
    3.7400    -0.8177     0.1806
    3.7500    -0.8159     0.1871
    3.7600    -0.8140     0.1936
    3.7700    -0.8120     0.2001
    3.7800    -0.8100     0.2066
    3.7900    -0.8079     0.2130
    3.8000    -0.8057     0.2194
    3.8100    -0.8035     0.2258
    3.8200    -0.8012     0.2321
    3.8300    -0.7988     0.2385
    3.8400    -0.7964     0.2448
    3.8500    -0.7939     0.2511
    3.8600    -0.7914     0.2573
    3.8700    -0.7888     0.2635
    3.8800    -0.7861     0.2697
    3.8900    -0.7834     0.2759
    3.9000    -0.7806     0.2820
    3.9100    -0.7778     0.2881
    3.9200    -0.7748     0.2942
    3.9300    -0.7719     0.3002
    3.9400    -0.7688     0.3062
    3.9500    -0.7657     0.3122
    3.9600    -0.7626     0.3181
    3.9700    -0.7594     0.3241
    3.9800    -0.7561     0.3299
    3.9900    -0.7528     0.3358
    4.0000    -0.7494     0.3416
    4.0100    -0.7460     0.3474
    4.0200    -0.7424     0.3531
    4.0300    -0.7389     0.3588
    4.0400    -0.7353     0.3645
    4.0500    -0.7316     0.3701
    4.0600    -0.7279     0.3757
    4.0700    -0.7241     0.3812
    4.0800    -0.7202     0.3867
    4.0900    -0.7164     0.3922
    4.1000    -0.7124     0.3977
    4.1100    -0.7084     0.4031
    4.1200    -0.7043     0.4084
    4.1300    -0.7002     0.4137
    4.1400    -0.6961     0.4190
    4.1500    -0.6919     0.4243
    4.1600    -0.6876     0.4295
    4.1700    -0.6833     0.4346
    4.1800    -0.6789     0.4397
    4.1900    -0.6745     0.4448
    4.2000    -0.6700     0.4498
    4.2100    -0.6655     0.4548
    4.2200    -0.6609     0.4598
    4.2300    -0.6563     0.4647
    4.2400    -0.6516     0.4695
    4.2500    -0.6469     0.4743
    4.2600    -0.6421     0.4791
    4.2700    -0.6373     0.4838
    4.2800    -0.6324     0.4885
    4.2900    -0.6275     0.4931
    4.3000    -0.6226     0.4977
    4.3100    -0.6176     0.5022
    4.3200    -0.6125     0.5067
    4.3300    -0.6074     0.5112
    4.3400    -0.6023     0.5156
    4.3500    -0.5971     0.5199
    4.3600    -0.5919     0.5242
    4.3700    -0.5867     0.5285
    4.3800    -0.5813     0.5327
    4.3900    -0.5760     0.5369
    4.4000    -0.5706     0.5410
    4.4100    -0.5652     0.5450
    4.4200    -0.5597     0.5490
    4.4300    -0.5542     0.5530
    4.4400    -0.5486     0.5569
    4.4500    -0.5431     0.5608
    4.4600    -0.5374     0.5646
    4.4700    -0.5318     0.5683
    4.4800    -0.5261     0.5720
    4.4900    -0.5203     0.5757
    4.5000    -0.5146     0.5793
    4.5100    -0.5087     0.5829
    4.5200    -0.5029     0.5864
    4.5300    -0.4970     0.5898
    4.5400    -0.4911     0.5932
    4.5500    -0.4851     0.5966
    4.5600    -0.4792     0.5999
    4.5700    -0.4732     0.6031
    4.5800    -0.4671     0.6063
    4.5900    -0.4610     0.6094
    4.6000    -0.4549     0.6125
    4.6100    -0.4488     0.6156
    4.6200    -0.4426     0.6185
    4.6300    -0.4364     0.6215
    4.6400    -0.4302     0.6243
    4.6500    -0.4239     0.6271
    4.6600    -0.4176     0.6299
    4.6700    -0.4113     0.6326
    4.6800    -0.4050     0.6353
    4.6900    -0.3986     0.6379
    4.7000    -0.3922     0.6404
    4.7100    -0.3858     0.6429
    4.7200    -0.3794     0.6453
    4.7300    -0.3729     0.6477
    4.7400    -0.3664     0.6500
    4.7500    -0.3599     0.6523
    4.7600    -0.3534     0.6545
    4.7700    -0.3468     0.6567
    4.7800    -0.3402     0.6588
    4.7900    -0.3336     0.6608
    4.8000    -0.3270     0.6628
    4.8100    -0.3204     0.6648
    4.8200    -0.3137     0.6667
    4.8300    -0.3070     0.6685
    4.8400    -0.3003     0.6703
    4.8500    -0.2936     0.6720
    4.8600    -0.2869     0.6736
    4.8700    -0.2802     0.6752
    4.8800    -0.2734     0.6768
    4.8900    -0.2666     0.6783
    4.9000    -0.2598     0.6797
    4.9100    -0.2530     0.6811
    4.9200    -0.2462     0.6824
    4.9300    -0.2394     0.6837
    4.9400    -0.2325     0.6849
    4.9500    -0.2257     0.6860
    4.9600    -0.2188     0.6871
    4.9700    -0.2120     0.6881
    4.9800    -0.2051     0.6891
    4.9900    -0.1982     0.6901
    5.0000    -0.1913     0.6909
    5.0100    -0.1844     0.6917
    5.0200    -0.1774     0.6925
    5.0300    -0.1705     0.6932
    5.0400    -0.1636     0.6938
    5.0500    -0.1566     0.6944
    5.0600    -0.1497     0.6950
    5.0700    -0.1427     0.6954
    5.0800    -0.1358     0.6959
    5.0900    -0.1288     0.6962
    5.1000    -0.1218     0.6965
    5.1100    -0.1149     0.6968
    5.1200    -0.1079     0.6970
    5.1300    -0.1009     0.6971
    5.1400    -0.0940     0.6972
    5.1500    -0.0870     0.6972
    5.1600    -0.0800     0.6972
    5.1700    -0.0731     0.6971
    5.1800    -0.0661     0.6970
    5.1900    -0.0591     0.6968
    5.2000    -0.0521     0.6965
    5.2100    -0.0452     0.6962
    5.2200    -0.0382     0.6958
    5.2300    -0.0313     0.6954
    5.2400    -0.0243     0.6950
    5.2500    -0.0174     0.6944
    5.2600    -0.0104     0.6938
    5.2700    -0.0035     0.6932
    5.2800     0.0034     0.6925
    5.2900     0.0104     0.6918
    5.3000     0.0173     0.6910
    5.3100     0.0242     0.6901
    5.3200     0.0311     0.6892
    5.3300     0.0380     0.6882
    5.3400     0.0448     0.6872
    5.3500     0.0517     0.6861
    5.3600     0.0586     0.6850
    5.3700     0.0654     0.6838
    5.3800     0.0722     0.6826
    5.3900     0.0791     0.6813
    5.4000     0.0859     0.6800
    5.4100     0.0927     0.6786
    5.4200     0.0994     0.6771
    5.4300     0.1062     0.6756
    5.4400     0.1129     0.6741
    5.4500     0.1197     0.6725
    5.4600     0.1264     0.6708
    5.4700     0.1331     0.6691
    5.4800     0.1398     0.6674
    5.4900     0.1464     0.6655
    5.5000     0.1531     0.6637
    5.5100     0.1597     0.6618
    5.5200     0.1663     0.6598
    5.5300     0.1729     0.6578
    5.5400     0.1795     0.6557
    5.5500     0.1860     0.6536
    5.5600     0.1926     0.6514
    5.5700     0.1991     0.6492
    5.5800     0.2055     0.6469
    5.5900     0.2120     0.6446
    5.6000     0.2184     0.6422
    5.6100     0.2248     0.6398
    5.6200     0.2312     0.6374
    5.6300     0.2376     0.6348
    5.6400     0.2439     0.6323
    5.6500     0.2502     0.6297
    5.6600     0.2565     0.6270
    5.6700     0.2628     0.6243
    5.6800     0.2690     0.6215
    5.6900     0.2752     0.6187
    5.7000     0.2814     0.6159
    5.7100     0.2875     0.6130
    5.7200     0.2936     0.6100
    5.7300     0.2997     0.6071
    5.7400     0.3058     0.6040
    5.7500     0.3118     0.6009
    5.7600     0.3178     0.5978
    5.7700     0.3238     0.5946
    5.7800     0.3297     0.5914
    5.7900     0.3356     0.5882
    5.8000     0.3414     0.5848
    5.8100     0.3473     0.5815
    5.8200     0.3531     0.5781
    5.8300     0.3588     0.5747
    5.8400     0.3646     0.5712
    5.8500     0.3703     0.5676
    5.8600     0.3759     0.5641
    5.8700     0.3815     0.5605
    5.8800     0.3871     0.5568
    5.8900     0.3927     0.5531
    5.9000     0.3982     0.5494
    5.9100     0.4037     0.5456
    5.9200     0.4091     0.5418
    5.9300     0.4145     0.5379
    5.9400     0.4199     0.5340
    5.9500     0.4252     0.5301
    5.9600     0.4305     0.5261
    5.9700     0.4357     0.5221
    5.9800     0.4409     0.5181
    5.9900     0.4461     0.5140
    6.0000     0.4512     0.5098
    6.0100     0.4563     0.5057
    6.0200     0.4613     0.5015
    6.0300     0.4663     0.4972
    6.0400     0.4712     0.4929
    6.0500     0.4762     0.4886
    6.0600     0.4810     0.4843
    6.0700     0.4858     0.4799
    6.0800     0.4906     0.4755
    6.0900     0.4954     0.4710
    6.1000     0.5000     0.4665
    6.1100     0.5047     0.4620
    6.1200     0.5093     0.4574
    6.1300     0.5138     0.4528
    6.1400     0.5183     0.4482
    6.1500     0.5228     0.4436
    6.1600     0.5272     0.4389
    6.1700     0.5316     0.4341
    6.1800     0.5359     0.4294
    6.1900     0.5402     0.4246
    6.2000     0.5444     0.4198
    6.2100     0.5486     0.4150
    6.2200     0.5527     0.4101
    6.2300     0.5568     0.4052
    6.2400     0.5608     0.4003
    6.2500     0.5648     0.3953
    6.2600     0.5687     0.3903
    6.2700     0.5726     0.3853
    6.2800     0.5764     0.3803
    6.2900     0.5802     0.3752
    6.3000     0.5839     0.3701
    6.3100     0.5876     0.3650
    6.3200     0.5912     0.3598
    6.3300     0.5948     0.3547
    6.3401     0.5983     0.3495
    6.3501     0.6018     0.3443
    6.3601     0.6052     0.3390
    6.3701     0.6085     0.3337
    6.3801     0.6119     0.3285
    6.3901     0.6151     0.3231
    6.4001     0.6183     0.3178
    6.4101     0.6215     0.3125
    6.4201     0.6246     0.3071
    6.4301     0.6276     0.3017
    6.4401     0.6306     0.2963
    6.4501     0.6335     0.2909
    6.4601     0.6364     0.2854
    6.4701     0.6392     0.2799
    6.4801     0.6420     0.2744
    6.4901     0.6447     0.2689
    6.5001     0.6474     0.2634
    6.5101     0.6500     0.2579
    6.5201     0.6525     0.2523
    6.5301     0.6550     0.2467
    6.5401     0.6575     0.2412
    6.5501     0.6599     0.2356
    6.5601     0.6622     0.2299
    6.5701     0.6645     0.2243
    6.5801     0.6667     0.2187
    6.5901     0.6688     0.2130
    6.6001     0.6709     0.2074
    6.6101     0.6730     0.2017
    6.6201     0.6750     0.1960
    6.6301     0.6769     0.1903
    6.6401     0.6788     0.1846
    6.6501     0.6806     0.1788
    6.6601     0.6824     0.1731
    6.6701     0.6841     0.1674
    6.6801     0.6857     0.1616
    6.6901     0.6873     0.1559
    6.7001     0.6888     0.1501
    6.7101     0.6903     0.1443
    6.7201     0.6917     0.1386
    6.7301     0.6931     0.1328
    6.7401     0.6944     0.1270
    6.7501     0.6956     0.1212
    6.7601     0.6968     0.1154
    6.7701     0.6979     0.1096
    6.7801     0.6990     0.1038
    6.7901     0.7000     0.0980
    6.8001     0.7009     0.0922
    6.8101     0.7018     0.0864
    6.8201     0.7027     0.0805
    6.8301     0.7034     0.0747
    6.8401     0.7042     0.0689
    6.8501     0.7048     0.0631
    6.8601     0.7054     0.0573
    6.8701     0.7060     0.0515
    6.8801     0.7065     0.0457
    6.8901     0.7069     0.0398
    6.9001     0.7073     0.0340
    6.9101     0.7076     0.0282
    6.9201     0.7078     0.0224
    6.9301     0.7080     0.0166
    6.9401     0.7081     0.0108
    6.9501     0.7082     0.0051
    6.9601     0.7083    -0.0007
    6.9701     0.7082    -0.0065
    6.9801     0.7081    -0.0123
    6.9901     0.7080    -0.0180
    7.0001     0.7078    -0.0238
    7.0101     0.7075    -0.0296
    7.0201     0.7072    -0.0353
    7.0301     0.7068    -0.0410
    7.0401     0.7063    -0.0467
    7.0501     0.7059    -0.0525
    7.0601     0.7053    -0.0582
    7.0701     0.7047    -0.0639
    7.0801     0.7040    -0.0695
    7.0901     0.7033    -0.0752
    7.1001     0.7025    -0.0809
    7.1101     0.7017    -0.0865
    7.1201     0.7008    -0.0921
    7.1301     0.6998    -0.0978
    7.1401     0.6988    -0.1034
    7.1501     0.6978    -0.1090
    7.1601     0.6967    -0.1145
    7.1701     0.6955    -0.1201
    7.1801     0.6943    -0.1256
    7.1901     0.6930    -0.1312
    7.2001     0.6916    -0.1367
    7.2101     0.6902    -0.1422
    7.2201     0.6888    -0.1477
    7.2301     0.6873    -0.1531
    7.2401     0.6857    -0.1586
    7.2501     0.6841    -0.1640
    7.2601     0.6824    -0.1694
    7.2701     0.6807    -0.1748
    7.2801     0.6789    -0.1801
    7.2901     0.6771    -0.1855
    7.3001     0.6752    -0.1908
    7.3101     0.6733    -0.1961
    7.3201     0.6713    -0.2014
    7.3301     0.6693    -0.2066
    7.3401     0.6672    -0.2119
    7.3501     0.6650    -0.2171
    7.3601     0.6628    -0.2223
    7.3701     0.6606    -0.2274
    7.3801     0.6583    -0.2326
    7.3901     0.6559    -0.2377
    7.4001     0.6535    -0.2428
    7.4101     0.6511    -0.2478
    7.4201     0.6486    -0.2529
    7.4301     0.6460    -0.2579
    7.4401     0.6434    -0.2629
    7.4501     0.6408    -0.2678
    7.4601     0.6381    -0.2728
    7.4701     0.6353    -0.2777
    7.4801     0.6325    -0.2825
    7.4901     0.6297    -0.2874
    7.5001     0.6268    -0.2922
    7.5101     0.6238    -0.2970
    7.5201     0.6208    -0.3017
    7.5301     0.6178    -0.3065
    7.5401     0.6147    -0.3112
    7.5501     0.6116    -0.3158
    7.5601     0.6084    -0.3205
    7.5701     0.6052    -0.3251
    7.5801     0.6019    -0.3297
    7.5901     0.5986    -0.3342
    7.6001     0.5952    -0.3387
    7.6101     0.5918    -0.3432
    7.6201     0.5883    -0.3476
    7.6301     0.5848    -0.3520
    7.6401     0.5813    -0.3564
    7.6501     0.5777    -0.3607
    7.6601     0.5741    -0.3651
    7.6701     0.5704    -0.3693
    7.6801     0.5667    -0.3736
    7.6901     0.5629    -0.3778
    7.7001     0.5591    -0.3819
    7.7101     0.5553    -0.3861
    7.7201     0.5514    -0.3902
    7.7301     0.5475    -0.3942
    7.7401     0.5435    -0.3982
    7.7501     0.5395    -0.4022
    7.7601     0.5355    -0.4062
    7.7701     0.5314    -0.4101
    7.7801     0.5273    -0.4139
    7.7901     0.5231    -0.4178
    7.8001     0.5189    -0.4216
    7.8101     0.5147    -0.4253
    7.8201     0.5104    -0.4290
    7.8301     0.5061    -0.4327
    7.8401     0.5018    -0.4364
    7.8501     0.4974    -0.4400
    7.8601     0.4930    -0.4435
    7.8701     0.4885    -0.4470
    7.8801     0.4840    -0.4505
    7.8901     0.4795    -0.4540
    7.9001     0.4749    -0.4574
    7.9101     0.4704    -0.4607
    7.9201     0.4657    -0.4640
    7.9301     0.4611    -0.4673
    7.9401     0.4564    -0.4705
    7.9501     0.4517    -0.4737
    7.9601     0.4469    -0.4769
    7.9701     0.4421    -0.4800
    7.9801     0.4373    -0.4831
    7.9901     0.4325    -0.4861
    8.0001     0.4276    -0.4891
    8.0101     0.4227    -0.4920
    8.0201     0.4178    -0.4949
    8.0301     0.4128    -0.4977
    8.0401     0.4078    -0.5005
    8.0501     0.4028    -0.5033
    8.0601     0.3977    -0.5060
    8.0701     0.3927    -0.5087
    8.0801     0.3876    -0.5113
    8.0901     0.3824    -0.5139
    8.1001     0.3773    -0.5165
    8.1101     0.3721    -0.5189
    8.1201     0.3669    -0.5214
    8.1301     0.3617    -0.5238
    8.1401     0.3564    -0.5262
    8.1501     0.3512    -0.5285
    8.1601     0.3459    -0.5308
    8.1701     0.3405    -0.5330
    8.1801     0.3352    -0.5352
    8.1901     0.3298    -0.5373
    8.2001     0.3245    -0.5394
    8.2101     0.3190    -0.5414
    8.2201     0.3136    -0.5434
    8.2301     0.3082    -0.5454
    8.2401     0.3027    -0.5473
    8.2501     0.2972    -0.5492
    8.2601     0.2917    -0.5510
    8.2701     0.2862    -0.5527
    8.2801     0.2807    -0.5545
    8.2901     0.2751    -0.5561
    8.3001     0.2696    -0.5578
    8.3101     0.2640    -0.5593
    8.3201     0.2584    -0.5609
    8.3301     0.2528    -0.5624
    8.3401     0.2471    -0.5638
    8.3501     0.2415    -0.5652
    8.3601     0.2358    -0.5666
    8.3701     0.2301    -0.5679
    8.3801     0.2245    -0.5691
    8.3901     0.2188    -0.5703
    8.4001     0.2131    -0.5715
    8.4101     0.2073    -0.5726
    8.4201     0.2016    -0.5737
    8.4301     0.1959    -0.5747
    8.4401     0.1901    -0.5756
    8.4501     0.1843    -0.5766
    8.4601     0.1786    -0.5774
    8.4701     0.1728    -0.5783
    8.4801     0.1670    -0.5791
    8.4901     0.1612    -0.5798
    8.5001     0.1554    -0.5805
    8.5101     0.1496    -0.5811
    8.5201     0.1438    -0.5817
    8.5301     0.1380    -0.5823
    8.5401     0.1321    -0.5828
    8.5501     0.1263    -0.5832
    8.5601     0.1205    -0.5836
    8.5701     0.1146    -0.5840
    8.5801     0.1088    -0.5843
    8.5901     0.1030    -0.5845
    8.6001     0.0971    -0.5848
    8.6101     0.0913    -0.5849
    8.6201     0.0854    -0.5851
    8.6301     0.0796    -0.5851
    8.6401     0.0737    -0.5852
    8.6501     0.0679    -0.5851
    8.6601     0.0620    -0.5851
    8.6701     0.0562    -0.5850
    8.6801     0.0503    -0.5848
    8.6901     0.0445    -0.5846
    8.7001     0.0386    -0.5843
    8.7101     0.0328    -0.5840
    8.7201     0.0269    -0.5837
    8.7301     0.0211    -0.5833
    8.7401     0.0153    -0.5829
    8.7501     0.0094    -0.5824
    8.7601     0.0036    -0.5819
    8.7701    -0.0022    -0.5813
    8.7801    -0.0080    -0.5807
    8.7901    -0.0138    -0.5800
    8.8001    -0.0196    -0.5793
    8.8101    -0.0254    -0.5785
    8.8201    -0.0312    -0.5777
    8.8301    -0.0369    -0.5769
    8.8401    -0.0427    -0.5760
    8.8501    -0.0485    -0.5750
    8.8601    -0.0542    -0.5740
    8.8701    -0.0599    -0.5730
    8.8801    -0.0657    -0.5719
    8.8901    -0.0714    -0.5708
    8.9001    -0.0771    -0.5697
    8.9101    -0.0828    -0.5684
    8.9201    -0.0885    -0.5672
    8.9301    -0.0941    -0.5659
    8.9401    -0.0998    -0.5646
    8.9501    -0.1054    -0.5632
    8.9601    -0.1110    -0.5617
    8.9701    -0.1166    -0.5603
    8.9801    -0.1222    -0.5588
    8.9901    -0.1278    -0.5572
    9.0001    -0.1334    -0.5556
    9.0101    -0.1389    -0.5539
    9.0201    -0.1445    -0.5523
    9.0301    -0.1500    -0.5505
    9.0401    -0.1555    -0.5488
    9.0501    -0.1610    -0.5469
    9.0601    -0.1664    -0.5451
    9.0701    -0.1719    -0.5432
    9.0801    -0.1773    -0.5412
    9.0901    -0.1827    -0.5393
    9.1001    -0.1881    -0.5372
    9.1101    -0.1934    -0.5352
    9.1201    -0.1988    -0.5331
    9.1301    -0.2041    -0.5309
    9.1401    -0.2094    -0.5287
    9.1501    -0.2147    -0.5265
    9.1601    -0.2199    -0.5242
    9.1701    -0.2251    -0.5219
    9.1801    -0.2304    -0.5196
    9.1901    -0.2355    -0.5172
    9.2001    -0.2407    -0.5148
    9.2101    -0.2458    -0.5123
    9.2201    -0.2509    -0.5098
    9.2301    -0.2560    -0.5073
    9.2401    -0.2611    -0.5047
    9.2501    -0.2661    -0.5021
    9.2601    -0.2711    -0.4994
    9.2701    -0.2761    -0.4967
    9.2801    -0.2811    -0.4940
    9.2901    -0.2860    -0.4912
    9.3001    -0.2909    -0.4884
    9.3101    -0.2958    -0.4856
    9.3201    -0.3006    -0.4827
    9.3301    -0.3054    -0.4798
    9.3401    -0.3102    -0.4768
    9.3501    -0.3149    -0.4738
    9.3601    -0.3197    -0.4708
    9.3701    -0.3244    -0.4678
    9.3801    -0.3290    -0.4647
    9.3901    -0.3337    -0.4615
    9.4001    -0.3383    -0.4584
    9.4101    -0.3428    -0.4552
    9.4201    -0.3474    -0.4520
    9.4301    -0.3519    -0.4487
    9.4401    -0.3563    -0.4454
    9.4501    -0.3608    -0.4421
    9.4601    -0.3652    -0.4387
    9.4701    -0.3695    -0.4353
    9.4801    -0.3739    -0.4319
    9.4901    -0.3782    -0.4285
    9.5001    -0.3825    -0.4250
    9.5101    -0.3867    -0.4214
    9.5201    -0.3909    -0.4179
    9.5301    -0.3950    -0.4143
    9.5401    -0.3992    -0.4107
    9.5501    -0.4033    -0.4071
    9.5601    -0.4073    -0.4034
    9.5701    -0.4113    -0.3997
    9.5801    -0.4153    -0.3960
    9.5901    -0.4192    -0.3922
    9.6001    -0.4231    -0.3884
    9.6101    -0.4270    -0.3846
    9.6201    -0.4308    -0.3808
    9.6301    -0.4346    -0.3769
    9.6401    -0.4384    -0.3730
    9.6501    -0.4421    -0.3691
    9.6601    -0.4458    -0.3651
    9.6701    -0.4494    -0.3612
    9.6801    -0.4530    -0.3572
    9.6901    -0.4565    -0.3531
    9.7001    -0.4600    -0.3491
    9.7101    -0.4635    -0.3450
    9.7201    -0.4669    -0.3409
    9.7301    -0.4703    -0.3368
    9.7401    -0.4737    -0.3327
    9.7501    -0.4770    -0.3285
    9.7601    -0.4802    -0.3243
    9.7701    -0.4835    -0.3201
    9.7801    -0.4867    -0.3159
    9.7901    -0.4898    -0.3116
    9.8001    -0.4929    -0.3073
    9.8101    -0.4959    -0.3030
    9.8201    -0.4989    -0.2987
    9.8301    -0.5019    -0.2944
    9.8401    -0.5048    -0.2900
    9.8501    -0.5077    -0.2856
    9.8601    -0.5105    -0.2812
    9.8701    -0.5133    -0.2768
    9.8801    -0.5161    -0.2724
    9.8901    -0.5188    -0.2679
    9.9001    -0.5214    -0.2634
    9.9101    -0.5240    -0.2589
    9.9201    -0.5266    -0.2544
    9.9301    -0.5291    -0.2499
    9.9401    -0.5316    -0.2454
    9.9501    -0.5340    -0.2408
    9.9601    -0.5364    -0.2362
    9.9701    -0.5388    -0.2317
    9.9801    -0.5411    -0.2271
    9.9901    -0.5433    -0.2224
   10.0001    -0.5455    -0.2178
   10.0101    -0.5477    -0.2132
   10.0201    -0.5498    -0.2085
   10.0301    -0.5518    -0.2038
   10.0401    -0.5539    -0.1992
   10.0501    -0.5558    -0.1945
   10.0601    -0.5577    -0.1898
   10.0701    -0.5596    -0.1851
   10.0801    -0.5614    -0.1803
   10.0901    -0.5632    -0.1756
   10.1001    -0.5650    -0.1709
   10.1101    -0.5666    -0.1661
   10.1201    -0.5683    -0.1613
   10.1301    -0.5699    -0.1566
   10.1401    -0.5714    -0.1518
   10.1501    -0.5729    -0.1470
   10.1601    -0.5743    -0.1422
   10.1701    -0.5757    -0.1374
   10.1801    -0.5771    -0.1326
   10.1901    -0.5784    -0.1278
   10.2001    -0.5796    -0.1230
   10.2101    -0.5809    -0.1181
   10.2201    -0.5820    -0.1133
   10.2301    -0.5831    -0.1085
   10.2401    -0.5842    -0.1036
   10.2501    -0.5852    -0.0988
   10.2601    -0.5862    -0.0939
   10.2701    -0.5871    -0.0891
   10.2801    -0.5879    -0.0842
   10.2901    -0.5888    -0.0794
   10.3001    -0.5895    -0.0745
   10.3101    -0.5902    -0.0696
   10.3201    -0.5909    -0.0648
   10.3301    -0.5915    -0.0599
   10.3401    -0.5921    -0.0551
   10.3501    -0.5926    -0.0502
   10.3601    -0.5931    -0.0454
   10.3701    -0.5936    -0.0405
   10.3801    -0.5939    -0.0356
   10.3901    -0.5943    -0.0308
   10.4001    -0.5945    -0.0259
   10.4101    -0.5948    -0.0211
   10.4201    -0.5950    -0.0162
   10.4301    -0.5951    -0.0114
   10.4401    -0.5952    -0.0066
   10.4501    -0.5952    -0.0017
   10.4601    -0.5952     0.0031
   10.4701    -0.5952     0.0079
   10.4801    -0.5951     0.0128
   10.4901    -0.5949     0.0176
   10.5001    -0.5947     0.0224
   10.5101    -0.5945     0.0272
   10.5201    -0.5942     0.0320
   10.5301    -0.5938     0.0368
   10.5401    -0.5934     0.0415
   10.5501    -0.5930     0.0463
   10.5601    -0.5925     0.0511
   10.5701    -0.5920     0.0558
   10.5801    -0.5914     0.0606
   10.5901    -0.5908     0.0653
   10.6001    -0.5901     0.0700
   10.6101    -0.5894     0.0747
   10.6201    -0.5886     0.0794
   10.6301    -0.5878     0.0841
   10.6401    -0.5869     0.0888
   10.6501    -0.5860     0.0935
   10.6601    -0.5850     0.0981
   10.6701    -0.5840     0.1028
   10.6801    -0.5830     0.1074
   10.6901    -0.5819     0.1120
   10.7001    -0.5808     0.1166
   10.7101    -0.5796     0.1212
   10.7201    -0.5783     0.1258
   10.7302    -0.5770     0.1303
   10.7402    -0.5757     0.1349
   10.7502    -0.5743     0.1394
   10.7602    -0.5729     0.1439
   10.7702    -0.5715     0.1484
   10.7802    -0.5700     0.1529
   10.7902    -0.5684     0.1573
   10.8002    -0.5668     0.1618
   10.8102    -0.5652     0.1662
   10.8202    -0.5635     0.1706
   10.8302    -0.5618     0.1750
   10.8402    -0.5600     0.1794
   10.8502    -0.5582     0.1837
   10.8602    -0.5563     0.1880
   10.8702    -0.5544     0.1923
   10.8802    -0.5525     0.1966
   10.8902    -0.5505     0.2009
   10.9002    -0.5485     0.2051
   10.9102    -0.5464     0.2094
   10.9202    -0.5443     0.2136
   10.9302    -0.5421     0.2178
   10.9402    -0.5399     0.2219
   10.9502    -0.5377     0.2261
   10.9602    -0.5354     0.2302
   10.9702    -0.5331     0.2343
   10.9802    -0.5307     0.2383
   10.9902    -0.5283     0.2424
   11.0002    -0.5259     0.2464
   11.0102    -0.5234     0.2504
   11.0202    -0.5209     0.2544
   11.0302    -0.5183     0.2583
   11.0402    -0.5157     0.2622
   11.0502    -0.5130     0.2661
   11.0602    -0.5104     0.2700
   11.0702    -0.5076     0.2738
   11.0802    -0.5049     0.2777
   11.0902    -0.5021     0.2814
   11.1002    -0.4993     0.2852
   11.1102    -0.4964     0.2889
   11.1202    -0.4935     0.2927
   11.1302    -0.4905     0.2963
   11.1402    -0.4876     0.3000
   11.1502    -0.4845     0.3036
   11.1602    -0.4815     0.3072
   11.1702    -0.4784     0.3108
   11.1802    -0.4753     0.3143
   11.1902    -0.4721     0.3178
   11.2002    -0.4689     0.3213
   11.2102    -0.4657     0.3248
   11.2202    -0.4624     0.3282
   11.2302    -0.4591     0.3316
   11.2402    -0.4558     0.3349
   11.2502    -0.4524     0.3382
   11.2602    -0.4490     0.3415
   11.2702    -0.4456     0.3448
   11.2802    -0.4421     0.3480
   11.2902    -0.4386     0.3512
   11.3002    -0.4351     0.3544
   11.3102    -0.4315     0.3575
   11.3202    -0.4279     0.3607
   11.3302    -0.4243     0.3637
   11.3402    -0.4207     0.3668
   11.3502    -0.4170     0.3698
   11.3602    -0.4133     0.3727
   11.3702    -0.4095     0.3757
   11.3802    -0.4058     0.3786
   11.3902    -0.4020     0.3815
   11.4002    -0.3981     0.3843
   11.4102    -0.3943     0.3871
   11.4202    -0.3904     0.3899
   11.4302    -0.3865     0.3926
   11.4402    -0.3825     0.3953
   11.4502    -0.3786     0.3980
   11.4602    -0.3746     0.4006
   11.4702    -0.3706     0.4032
   11.4802    -0.3665     0.4058
   11.4902    -0.3624     0.4083
   11.5002    -0.3583     0.4108
   11.5102    -0.3542     0.4132
   11.5202    -0.3501     0.4157
   11.5302    -0.3459     0.4180
   11.5402    -0.3417     0.4204
   11.5502    -0.3375     0.4227
   11.5602    -0.3333     0.4250
   11.5702    -0.3290     0.4272
   11.5802    -0.3247     0.4294
   11.5902    -0.3204     0.4316
   11.6002    -0.3161     0.4337
   11.6102    -0.3117     0.4358
   11.6202    -0.3074     0.4378
   11.6302    -0.3030     0.4398
   11.6402    -0.2986     0.4418
   11.6502    -0.2942     0.4437
   11.6602    -0.2897     0.4456
   11.6702    -0.2852     0.4475
   11.6802    -0.2808     0.4493
   11.6902    -0.2763     0.4511
   11.7002    -0.2717     0.4529
   11.7102    -0.2672     0.4546
   11.7202    -0.2626     0.4562
   11.7302    -0.2581     0.4579
   11.7402    -0.2535     0.4595
   11.7502    -0.2489     0.4610
   11.7602    -0.2443     0.4625
   11.7702    -0.2396     0.4640
   11.7802    -0.2350     0.4654
   11.7902    -0.2303     0.4668
   11.8002    -0.2257     0.4682
   11.8102    -0.2210     0.4695
   11.8202    -0.2163     0.4708
   11.8302    -0.2115     0.4720
   11.8402    -0.2068     0.4733
   11.8502    -0.2021     0.4744
   11.8602    -0.1973     0.4755
   11.8702    -0.1926     0.4766
   11.8802    -0.1878     0.4777
   11.8902    -0.1830     0.4787
   11.9002    -0.1782     0.4796
   11.9102    -0.1734     0.4806
   11.9202    -0.1686     0.4815
   11.9302    -0.1638     0.4823
   11.9402    -0.1590     0.4831
   11.9502    -0.1541     0.4839
   11.9602    -0.1493     0.4846
   11.9702    -0.1444     0.4853
   11.9802    -0.1396     0.4860
   11.9902    -0.1347     0.4866
   12.0002    -0.1299     0.4872
   12.0102    -0.1250     0.4877
   12.0202    -0.1201     0.4882
   12.0302    -0.1152     0.4886
   12.0402    -0.1103     0.4890
   12.0502    -0.1054     0.4894
   12.0602    -0.1005     0.4898
   12.0702    -0.0956     0.4900
   12.0802    -0.0907     0.4903
   12.0902    -0.0858     0.4905
   12.1002    -0.0809     0.4907
   12.1102    -0.0760     0.4908
   12.1202    -0.0711     0.4909
   12.1302    -0.0662     0.4910
   12.1402    -0.0613     0.4910
   12.1502    -0.0564     0.4910
   12.1602    -0.0515     0.4909
   12.1702    -0.0466     0.4908
   12.1802    -0.0417     0.4907
   12.1902    -0.0368     0.4905
   12.2002    -0.0318     0.4903
   12.2102    -0.0269     0.4900
   12.2202    -0.0220     0.4898
   12.2302    -0.0171     0.4894
   12.2402    -0.0123     0.4890
   12.2502    -0.0074     0.4886
   12.2602    -0.0025     0.4882
   12.2702     0.0024     0.4877
   12.2802     0.0073     0.4872
   12.2902     0.0121     0.4866
   12.3002     0.0170     0.4860
   12.3102     0.0219     0.4854
   12.3202     0.0267     0.4847
   12.3302     0.0316     0.4840
   12.3402     0.0364     0.4832
   12.3502     0.0412     0.4824
   12.3602     0.0460     0.4816
   12.3702     0.0508     0.4807
   12.3802     0.0557     0.4798
   12.3902     0.0604     0.4789
   12.4002     0.0652     0.4779
   12.4102     0.0700     0.4769
   12.4202     0.0748     0.4758
   12.4302     0.0795     0.4747
   12.4402     0.0843     0.4736
   12.4502     0.0890     0.4724
   12.4602     0.0937     0.4712
   12.4702     0.0984     0.4700
   12.4802     0.1031     0.4687
   12.4902     0.1078     0.4674
   12.5002     0.1125     0.4660
   12.5102     0.1171     0.4647
   12.5202     0.1217     0.4632
   12.5302     0.1264     0.4618
   12.5402     0.1310     0.4603
   12.5502     0.1356     0.4588
   12.5602     0.1402     0.4572
   12.5702     0.1447     0.4556
   12.5802     0.1493     0.4540
   12.5902     0.1538     0.4523
   12.6002     0.1583     0.4506
   12.6102     0.1628     0.4489
   12.6202     0.1673     0.4471
   12.6302     0.1718     0.4453
   12.6402     0.1762     0.4435
   12.6502     0.1806     0.4416
   12.6602     0.1850     0.4397
   12.6702     0.1894     0.4377
   12.6802     0.1938     0.4358
   12.6902     0.1981     0.4338
   12.7002     0.2025     0.4317
   12.7102     0.2068     0.4297
   12.7202     0.2111     0.4276
   12.7302     0.2153     0.4254
   12.7402     0.2196     0.4233
   12.7502     0.2238     0.4211
   12.7602     0.2280     0.4188
   12.7702     0.2322     0.4166
   12.7802     0.2363     0.4143
   12.7902     0.2404     0.4119
   12.8002     0.2446     0.4096
   12.8102     0.2486     0.4072
   12.8202     0.2527     0.4048
   12.8302     0.2567     0.4023
   12.8402     0.2607     0.3999
   12.8502     0.2647     0.3974
   12.8602     0.2687     0.3948
   12.8702     0.2726     0.3923
   12.8802     0.2765     0.3897
   12.8902     0.2804     0.3870
   12.9002     0.2843     0.3844
   12.9102     0.2881     0.3817
   12.9202     0.2919     0.3790
   12.9302     0.2957     0.3763
   12.9402     0.2994     0.3735
   12.9502     0.3032     0.3707
   12.9602     0.3069     0.3679
   12.9702     0.3105     0.3650
   12.9802     0.3142     0.3622
   12.9902     0.3178     0.3593
   13.0002     0.3213     0.3563
   13.0102     0.3249     0.3534
   13.0202     0.3284     0.3504
   13.0302     0.3319     0.3474
   13.0402     0.3354     0.3444
   13.0502     0.3388     0.3413
   13.0602     0.3422     0.3383
   13.0702     0.3455     0.3352
   13.0802     0.3489     0.3320
   13.0902     0.3522     0.3289
   13.1002     0.3555     0.3257
   13.1102     0.3587     0.3225
   13.1202     0.3619     0.3193
   13.1302     0.3651     0.3161
   13.1402     0.3682     0.3128
   13.1502     0.3713     0.3095
   13.1602     0.3744     0.3062
   13.1702     0.3775     0.3029
   13.1802     0.3805     0.2995
   13.1902     0.3835     0.2961
   13.2002     0.3864     0.2928
   13.2102     0.3893     0.2893
   13.2202     0.3922     0.2859
   13.2302     0.3950     0.2825
   13.2402     0.3978     0.2790
   13.2502     0.4006     0.2755
   13.2602     0.4033     0.2720
   13.2702     0.4061     0.2684
   13.2802     0.4087     0.2649
   13.2902     0.4113     0.2613
   13.3002     0.4139     0.2577
   13.3102     0.4165     0.2541
   13.3202     0.4190     0.2505
   13.3302     0.4215     0.2469
   13.3402     0.4240     0.2432
   13.3502     0.4264     0.2396
   13.3602     0.4288     0.2359
   13.3702     0.4311     0.2322
   13.3802     0.4334     0.2285
   13.3902     0.4357     0.2247
   13.4002     0.4379     0.2210
   13.4102     0.4401     0.2172
   13.4202     0.4422     0.2135
   13.4302     0.4444     0.2097
   13.4402     0.4464     0.2059
   13.4502     0.4485     0.2021
   13.4602     0.4505     0.1982
   13.4702     0.4524     0.1944
   13.4802     0.4544     0.1906
   13.4902     0.4562     0.1867
   13.5002     0.4581     0.1828
   13.5102     0.4599     0.1789
   13.5202     0.4617     0.1750
   13.5302     0.4634     0.1711
   13.5402     0.4651     0.1672
   13.5502     0.4667     0.1633
   13.5602     0.4684     0.1594
   13.5702     0.4699     0.1554
   13.5802     0.4715     0.1515
   13.5902     0.4730     0.1475
   13.6002     0.4744     0.1435
   13.6102     0.4758     0.1395
   13.6202     0.4772     0.1356
   13.6302     0.4785     0.1316
   13.6402     0.4798     0.1276
   13.6502     0.4811     0.1236
   13.6602     0.4823     0.1195
   13.6702     0.4835     0.1155
   13.6802     0.4846     0.1115
   13.6902     0.4857     0.1075
   13.7002     0.4868     0.1034
   13.7102     0.4878     0.0994
   13.7202     0.4888     0.0954
   13.7302     0.4897     0.0913
   13.7402     0.4906     0.0873
   13.7502     0.4914     0.0832
   13.7602     0.4923     0.0792
   13.7702     0.4930     0.0751
   13.7802     0.4938     0.0710
   13.7902     0.4944     0.0670
   13.8002     0.4951     0.0629
   13.8102     0.4957     0.0589
   13.8202     0.4963     0.0548
   13.8302     0.4968     0.0507
   13.8402     0.4973     0.0467
   13.8502     0.4977     0.0426
   13.8602     0.4981     0.0385
   13.8702     0.4985     0.0345
   13.8802     0.4988     0.0304
   13.8902     0.4991     0.0263
   13.9002     0.4994     0.0223
   13.9102     0.4996     0.0182
   13.9202     0.4997     0.0142
   13.9302     0.4998     0.0101
   13.9402     0.4999     0.0061
   13.9502     0.5000     0.0020
   13.9602     0.5000    -0.0020
   13.9702     0.4999    -0.0060
   13.9802     0.4998    -0.0101
   13.9902     0.4997    -0.0141
   14.0002     0.4996    -0.0181
   14.0102     0.4994    -0.0221
   14.0202     0.4991    -0.0262
   14.0302     0.4988    -0.0302
   14.0402     0.4985    -0.0342
   14.0502     0.4982    -0.0382
   14.0602     0.4978    -0.0421
   14.0702     0.4973    -0.0461
   14.0802     0.4968    -0.0501
   14.0902     0.4963    -0.0540
   14.1002     0.4957    -0.0580
   14.1102     0.4951    -0.0619
   14.1202     0.4945    -0.0659
   14.1302     0.4938    -0.0698
   14.1402     0.4931    -0.0737
   14.1502     0.4924    -0.0776
   14.1602     0.4916    -0.0815
   14.1702     0.4907    -0.0854
   14.1802     0.4899    -0.0893
   14.1902     0.4889    -0.0931
   14.2002     0.4880    -0.0970
   14.2102     0.4870    -0.1008
   14.2202     0.4860    -0.1047
   14.2302     0.4849    -0.1085
   14.2402     0.4838    -0.1123
   14.2502     0.4827    -0.1161
   14.2602     0.4815    -0.1198
   14.2702     0.4803    -0.1236
   14.2802     0.4790    -0.1273
   14.2902     0.4777    -0.1311
   14.3002     0.4764    -0.1348
   14.3102     0.4750    -0.1385
   14.3202     0.4736    -0.1422
   14.3302     0.4722    -0.1459
   14.3402     0.4707    -0.1495
   14.3502     0.4692    -0.1532
   14.3602     0.4676    -0.1568
   14.3702     0.4661    -0.1604
   14.3802     0.4644    -0.1640
   14.3902     0.4628    -0.1676
   14.4002     0.4611    -0.1711
   14.4102     0.4594    -0.1747
   14.4202     0.4576    -0.1782
   14.4302     0.4558    -0.1817
   14.4402     0.4540    -0.1852
   14.4502     0.4521    -0.1887
   14.4602     0.4502    -0.1921
   14.4702     0.4482    -0.1955
   14.4802     0.4463    -0.1989
   14.4902     0.4443    -0.2023
   14.5002     0.4422    -0.2057
   14.5102     0.4401    -0.2091
   14.5202     0.4380    -0.2124
   14.5302     0.4359    -0.2157
   14.5402     0.4337    -0.2190
   14.5502     0.4315    -0.2222
   14.5602     0.4293    -0.2255
   14.5702     0.4270    -0.2287
   14.5802     0.4247    -0.2319
   14.5902     0.4224    -0.2351
   14.6002     0.4200    -0.2383
   14.6102     0.4176    -0.2414
   14.6202     0.4152    -0.2445
   14.6302     0.4127    -0.2476
   14.6402     0.4102    -0.2507
   14.6502     0.4077    -0.2537
   14.6602     0.4052    -0.2567
   14.6702     0.4026    -0.2597
   14.6802     0.4000    -0.2627
   14.6902     0.3973    -0.2656
   14.7002     0.3946    -0.2686
   14.7102     0.3919    -0.2714
   14.7202     0.3892    -0.2743
   14.7302     0.3865    -0.2772
   14.7402     0.3837    -0.2800
   14.7502     0.3809    -0.2828
   14.7602     0.3780    -0.2856
   14.7702     0.3751    -0.2883
   14.7802     0.3723    -0.2910
   14.7902     0.3693    -0.2937
   14.8002     0.3664    -0.2964
   14.8102     0.3634    -0.2990
   14.8202     0.3604    -0.3016
   14.8302     0.3574    -0.3042
   14.8402     0.3543    -0.3068
   14.8502     0.3512    -0.3093
   14.8602     0.3481    -0.3118
   14.8702     0.3450    -0.3143
   14.8802     0.3418    -0.3167
   14.8902     0.3387    -0.3191
   14.9002     0.3355    -0.3215
   14.9102     0.3322    -0.3239
   14.9202     0.3290    -0.3262
   14.9302     0.3257    -0.3285
   14.9402     0.3224    -0.3308
   14.9502     0.3191    -0.3330
   14.9602     0.3158    -0.3352
   14.9702     0.3124    -0.3374
   14.9802     0.3090    -0.3396
   14.9902     0.3056    -0.3417
   15.0002     0.3022    -0.3438
   15.0102     0.2987    -0.3459
   15.0202     0.2953    -0.3479
   15.0302     0.2918    -0.3499
   15.0402     0.2883    -0.3519
   15.0502     0.2847    -0.3538
   15.0602     0.2812    -0.3558
   15.0702     0.2776    -0.3576
   15.0802     0.2740    -0.3595
   15.0903     0.2704    -0.3613
   15.1003     0.2668    -0.3631
   15.1103     0.2632    -0.3649
   15.1203     0.2595    -0.3666
   15.1303     0.2558    -0.3683
   15.1403     0.2521    -0.3700
   15.1503     0.2484    -0.3716
   15.1603     0.2447    -0.3732
   15.1703     0.2410    -0.3748
   15.1803     0.2372    -0.3763
   15.1903     0.2334    -0.3778
   15.2003     0.2296    -0.3793
   15.2103     0.2258    -0.3808
   15.2203     0.2220    -0.3822
   15.2303     0.2182    -0.3836
   15.2403     0.2144    -0.3849
   15.2503     0.2105    -0.3862
   15.2603     0.2066    -0.3875
   15.2703     0.2028    -0.3888
   15.2803     0.1989    -0.3900
   15.2903     0.1950    -0.3912
   15.3003     0.1910    -0.3923
   15.3103     0.1871    -0.3935
   15.3203     0.1832    -0.3945
   15.3303     0.1792    -0.3956
   15.3403     0.1753    -0.3966
   15.3503     0.1713    -0.3976
   15.3603     0.1673    -0.3986
   15.3703     0.1633    -0.3995
   15.3803     0.1593    -0.4004
   15.3903     0.1553    -0.4012
   15.4003     0.1513    -0.4021
   15.4103     0.1473    -0.4029
   15.4203     0.1432    -0.4036
   15.4303     0.1392    -0.4044
   15.4403     0.1351    -0.4050
   15.4503     0.1311    -0.4057
   15.4603     0.1270    -0.4063
   15.4703     0.1230    -0.4069
   15.4803     0.1189    -0.4075
   15.4903     0.1148    -0.4080
   15.5003     0.1107    -0.4085
   15.5103     0.1066    -0.4090
   15.5203     0.1026    -0.4094
   15.5303     0.0985    -0.4098
   15.5403     0.0944    -0.4102
   15.5503     0.0903    -0.4105
   15.5603     0.0862    -0.4108
   15.5703     0.0820    -0.4110
   15.5803     0.0779    -0.4113
   15.5903     0.0738    -0.4115
   15.6003     0.0697    -0.4116
   15.6103     0.0656    -0.4118
   15.6203     0.0615    -0.4119
   15.6303     0.0573    -0.4119
   15.6403     0.0532    -0.4120
   15.6503     0.0491    -0.4119
   15.6603     0.0450    -0.4119
   15.6703     0.0409    -0.4118
   15.6803     0.0368    -0.4117
   15.6903     0.0326    -0.4116
   15.7003     0.0285    -0.4114
   15.7103     0.0244    -0.4112
   15.7203     0.0203    -0.4110
   15.7303     0.0162    -0.4107
   15.7403     0.0121    -0.4104
   15.7503     0.0080    -0.4101
   15.7603     0.0039    -0.4098
   15.7703    -0.0002    -0.4094
   15.7803    -0.0043    -0.4089
   15.7903    -0.0084    -0.4085
   15.8003    -0.0125    -0.4080
   15.8103    -0.0166    -0.4075
   15.8203    -0.0206    -0.4069
   15.8303    -0.0247    -0.4063
   15.8403    -0.0288    -0.4057
   15.8503    -0.0328    -0.4050
   15.8603    -0.0369    -0.4044
   15.8703    -0.0409    -0.4036
   15.8803    -0.0449    -0.4029
   15.8903    -0.0490    -0.4021
   15.9003    -0.0530    -0.4013
   15.9103    -0.0570    -0.4005
   15.9203    -0.0610    -0.3996
   15.9303    -0.0650    -0.3987
   15.9403    -0.0690    -0.3978
   15.9503    -0.0729    -0.3968
   15.9603    -0.0769    -0.3958
   15.9703    -0.0808    -0.3948
   15.9803    -0.0848    -0.3937
   15.9903    -0.0887    -0.3926
   16.0003    -0.0926    -0.3915
   16.0103    -0.0965    -0.3904
   16.0203    -0.1004    -0.3892
   16.0303    -0.1043    -0.3880
   16.0403    -0.1082    -0.3867
   16.0503    -0.1121    -0.3855
   16.0603    -0.1159    -0.3842
   16.0703    -0.1197    -0.3828
   16.0803    -0.1236    -0.3815
   16.0903    -0.1274    -0.3801
   16.1003    -0.1312    -0.3787
   16.1103    -0.1350    -0.3772
   16.1203    -0.1387    -0.3758
   16.1303    -0.1425    -0.3743
   16.1403    -0.1462    -0.3727
   16.1503    -0.1499    -0.3712
   16.1603    -0.1536    -0.3696
   16.1703    -0.1573    -0.3680
   16.1803    -0.1610    -0.3663
   16.1903    -0.1646    -0.3647
   16.2003    -0.1683    -0.3630
   16.2103    -0.1719    -0.3613
   16.2203    -0.1755    -0.3595
   16.2303    -0.1791    -0.3577
   16.2403    -0.1827    -0.3559
   16.2503    -0.1862    -0.3541
   16.2603    -0.1897    -0.3522
   16.2703    -0.1933    -0.3503
   16.2803    -0.1967    -0.3484
   16.2903    -0.2002    -0.3465
   16.3003    -0.2037    -0.3445
   16.3103    -0.2071    -0.3425
   16.3203    -0.2105    -0.3405
   16.3303    -0.2139    -0.3385
   16.3403    -0.2173    -0.3364
   16.3503    -0.2206    -0.3343
   16.3603    -0.2240    -0.3322
   16.3703    -0.2273    -0.3301
   16.3803    -0.2306    -0.3279
   16.3903    -0.2339    -0.3257
   16.4003    -0.2371    -0.3235
   16.4103    -0.2403    -0.3213
   16.4203    -0.2435    -0.3190
   16.4303    -0.2467    -0.3167
   16.4403    -0.2499    -0.3144
   16.4503    -0.2530    -0.3121
   16.4603    -0.2561    -0.3097
   16.4703    -0.2592    -0.3074
   16.4803    -0.2622    -0.3050
   16.4903    -0.2653    -0.3025
   16.5003    -0.2683    -0.3001
   16.5103    -0.2713    -0.2976
   16.5203    -0.2743    -0.2952
   16.5303    -0.2772    -0.2926
   16.5403    -0.2801    -0.2901
   16.5503    -0.2830    -0.2876
   16.5603    -0.2859    -0.2850
   16.5703    -0.2887    -0.2824
   16.5803    -0.2915    -0.2798
   16.5903    -0.2943    -0.2772
   16.6003    -0.2970    -0.2745
   16.6103    -0.2998    -0.2719
   16.6203    -0.3025    -0.2692
   16.6303    -0.3052    -0.2665
   16.6403    -0.3078    -0.2637
   16.6503    -0.3104    -0.2610
   16.6603    -0.3130    -0.2582
   16.6703    -0.3156    -0.2554
   16.6803    -0.3181    -0.2526
   16.6903    -0.3207    -0.2498
   16.7003    -0.3231    -0.2470
   16.7103    -0.3256    -0.2441
   16.7203    -0.3280    -0.2413
   16.7303    -0.3304    -0.2384
   16.7403    -0.3328    -0.2355
   16.7503    -0.3351    -0.2326
   16.7603    -0.3374    -0.2296
   16.7703    -0.3397    -0.2267
   16.7803    -0.3420    -0.2237
   16.7903    -0.3442    -0.2207
   16.8003    -0.3464    -0.2177
   16.8103    -0.3485    -0.2147
   16.8203    -0.3507    -0.2117
   16.8303    -0.3528    -0.2087
   16.8403    -0.3549    -0.2056
   16.8503    -0.3569    -0.2025
   16.8603    -0.3589    -0.1995
   16.8703    -0.3609    -0.1964
   16.8803    -0.3628    -0.1933
   16.8903    -0.3647    -0.1901
   16.9003    -0.3666    -0.1870
   16.9103    -0.3685    -0.1839
   16.9203    -0.3703    -0.1807
   16.9303    -0.3721    -0.1776
   16.9403    -0.3739    -0.1744
   16.9503    -0.3756    -0.1712
   16.9603    -0.3773    -0.1680
   16.9703    -0.3790    -0.1648
   16.9803    -0.3806    -0.1616
   16.9903    -0.3822    -0.1583
   17.0003    -0.3837    -0.1551
   17.0103    -0.3853    -0.1518
   17.0203    -0.3868    -0.1486
   17.0303    -0.3883    -0.1453
   17.0403    -0.3897    -0.1420
   17.0503    -0.3911    -0.1388
   17.0603    -0.3925    -0.1355
   17.0703    -0.3938    -0.1322
   17.0803    -0.3951    -0.1289
   17.0903    -0.3964    -0.1256
   17.1003    -0.3976    -0.1222
   17.1103    -0.3988    -0.1189
   17.1203    -0.4000    -0.1156
   17.1303    -0.4011    -0.1122
   17.1403    -0.4022    -0.1089
   17.1503    -0.4033    -0.1055
   17.1603    -0.4044    -0.1022
   17.1703    -0.4054    -0.0988
   17.1803    -0.4063    -0.0955
   17.1903    -0.4073    -0.0921
   17.2003    -0.4082    -0.0887
   17.2103    -0.4090    -0.0853
   17.2203    -0.4099    -0.0819
   17.2303    -0.4107    -0.0786
   17.2403    -0.4115    -0.0752
   17.2503    -0.4122    -0.0718
   17.2603    -0.4129    -0.0684
   17.2703    -0.4136    -0.0650
   17.2803    -0.4142    -0.0616
   17.2903    -0.4148    -0.0582
   17.3003    -0.4154    -0.0548
   17.3103    -0.4159    -0.0514
   17.3203    -0.4164    -0.0480
   17.3303    -0.4168    -0.0446
   17.3403    -0.4173    -0.0412
   17.3503    -0.4177    -0.0378
   17.3603    -0.4180    -0.0344
   17.3703    -0.4184    -0.0310
   17.3803    -0.4186    -0.0276
   17.3903    -0.4189    -0.0242
   17.4003    -0.4191    -0.0208
   17.4103    -0.4193    -0.0174
   17.4203    -0.4195    -0.0140
   17.4303    -0.4196    -0.0106
   17.4403    -0.4197    -0.0072
   17.4503    -0.4197    -0.0038
   17.4603    -0.4198    -0.0004
   17.4703    -0.4198     0.0030
   17.4803    -0.4197     0.0063
   17.4903    -0.4196     0.0097
   17.5003    -0.4195     0.0131
   17.5103    -0.4194     0.0164
   17.5203    -0.4192     0.0198
   17.5303    -0.4190     0.0232
   17.5403    -0.4187     0.0265
   17.5503    -0.4184     0.0299
   17.5603    -0.4181     0.0332
   17.5703    -0.4178     0.0365
   17.5803    -0.4174     0.0399
   17.5903    -0.4170     0.0432
   17.6003    -0.4165     0.0465
   17.6103    -0.4160     0.0498
   17.6203    -0.4155     0.0531
   17.6303    -0.4150     0.0564
   17.6403    -0.4144     0.0597
   17.6503    -0.4138     0.0629
   17.6603    -0.4131     0.0662
   17.6703    -0.4125     0.0695
   17.6803    -0.4118     0.0727
   17.6903    -0.4110     0.0760
   17.7003    -0.4102     0.0792
   17.7103    -0.4094     0.0824
   17.7203    -0.4086     0.0856
   17.7303    -0.4077     0.0888
   17.7403    -0.4068     0.0920
   17.7503    -0.4059     0.0952
   17.7603    -0.4049     0.0984
   17.7703    -0.4039     0.1015
   17.7803    -0.4029     0.1047
   17.7903    -0.4018     0.1078
   17.8003    -0.4007     0.1109
   17.8103    -0.3996     0.1140
   17.8203    -0.3984     0.1171
   17.8303    -0.3973     0.1202
   17.8403    -0.3960     0.1233
   17.8503    -0.3948     0.1263
   17.8603    -0.3935     0.1294
   17.8703    -0.3922     0.1324
   17.8803    -0.3909     0.1354
   17.8903    -0.3895     0.1384
   17.9003    -0.3881     0.1414
   17.9103    -0.3867     0.1444
   17.9203    -0.3852     0.1474
   17.9303    -0.3837     0.1503
   17.9403    -0.3822     0.1532
   17.9503    -0.3807     0.1562
   17.9603    -0.3791     0.1591
   17.9703    -0.3775     0.1619
   17.9803    -0.3758     0.1648
   17.9903    -0.3742     0.1677
   18.0003    -0.3725     0.1705
   18.0103    -0.3708     0.1733
   18.0203    -0.3690     0.1761
   18.0303    -0.3672     0.1789
   18.0403    -0.3654     0.1817
   18.0503    -0.3636     0.1844
   18.0603    -0.3618     0.1871
   18.0703    -0.3599     0.1899
   18.0803    -0.3580     0.1925
   18.0903    -0.3560     0.1952
   18.1003    -0.3541     0.1979
   18.1103    -0.3521     0.2005
   18.1203    -0.3500     0.2031
   18.1303    -0.3480     0.2057
   18.1403    -0.3459     0.2083
   18.1503    -0.3438     0.2109
   18.1603    -0.3417     0.2134
   18.1703    -0.3396     0.2160
   18.1803    -0.3374     0.2185
   18.1903    -0.3352     0.2209
   18.2003    -0.3330     0.2234
   18.2103    -0.3307     0.2259
   18.2203    -0.3285     0.2283
   18.2303    -0.3262     0.2307
   18.2403    -0.3238     0.2331
   18.2503    -0.3215     0.2354
   18.2603    -0.3191     0.2377
   18.2703    -0.3167     0.2401
   18.2803    -0.3143     0.2424
   18.2903    -0.3119     0.2446
   18.3003    -0.3094     0.2469
   18.3103    -0.3070     0.2491
   18.3203    -0.3045     0.2513
   18.3303    -0.3019     0.2535
   18.3403    -0.2994     0.2557
   18.3503    -0.2968     0.2578
   18.3603    -0.2942     0.2599
   18.3703    -0.2916     0.2620
   18.3803    -0.2890     0.2641
   18.3903    -0.2863     0.2661
   18.4003    -0.2837     0.2681
   18.4103    -0.2810     0.2701
   18.4203    -0.2783     0.2721
   18.4303    -0.2755     0.2740
   18.4403    -0.2728     0.2760
   18.4503    -0.2700     0.2779
   18.4603    -0.2672     0.2797
   18.4703    -0.2644     0.2816
   18.4803    -0.2616     0.2834
   18.4903    -0.2588     0.2852
   18.5003    -0.2559     0.2870
   18.5103    -0.2530     0.2888
   18.5203    -0.2501     0.2905
   18.5303    -0.2472     0.2922
   18.5403    -0.2443     0.2939
   18.5503    -0.2413     0.2955
   18.5603    -0.2384     0.2972
   18.5703    -0.2354     0.2988
   18.5803    -0.2324     0.3003
   18.5903    -0.2294     0.3019
   18.6003    -0.2264     0.3034
   18.6103    -0.2233     0.3049
   18.6203    -0.2203     0.3064
   18.6303    -0.2172     0.3078
   18.6403    -0.2141     0.3092
   18.6503    -0.2110     0.3106
   18.6603    -0.2079     0.3120
   18.6703    -0.2048     0.3133
   18.6803    -0.2016     0.3147
   18.6903    -0.1985     0.3159
   18.7003    -0.1953     0.3172
   18.7103    -0.1921     0.3184
   18.7203    -0.1889     0.3196
   18.7303    -0.1857     0.3208
   18.7403    -0.1825     0.3220
   18.7503    -0.1793     0.3231
   18.7603    -0.1761     0.3242
   18.7703    -0.1728     0.3253
   18.7803    -0.1695     0.3263
   18.7903    -0.1663     0.3273
   18.8003    -0.1630     0.3283
   18.8103    -0.1597     0.3293
   18.8203    -0.1564     0.3302
   18.8303    -0.1531     0.3311
   18.8403    -0.1498     0.3320
   18.8503    -0.1465     0.3329
   18.8603    -0.1431     0.3337
   18.8703    -0.1398     0.3345
   18.8803    -0.1364     0.3353
   18.8903    -0.1331     0.3360
   18.9003    -0.1297     0.3367
   18.9103    -0.1264     0.3374
   18.9203    -0.1230     0.3381
   18.9303    -0.1196     0.3387
   18.9403    -0.1162     0.3393
   18.9503    -0.1128     0.3399
   18.9603    -0.1094     0.3404
   18.9703    -0.1060     0.3410
   18.9803    -0.1026     0.3415
   18.9903    -0.0992     0.3419
   19.0003    -0.0957     0.3424
   19.0103    -0.0923     0.3428
   19.0203    -0.0889     0.3432
   19.0303    -0.0855     0.3435
   19.0403    -0.0820     0.3438
   19.0503    -0.0786     0.3441
   19.0603    -0.0751     0.3444
   19.0703    -0.0717     0.3446
   19.0803    -0.0682     0.3449
   19.0903    -0.0648     0.3450
   19.1003    -0.0613     0.3452
   19.1103    -0.0579     0.3453
   19.1203    -0.0544     0.3454
   19.1303    -0.0510     0.3455
   19.1403    -0.0475     0.3456
   19.1503    -0.0441     0.3456
   19.1603    -0.0406     0.3456
   19.1703    -0.0372     0.3455
   19.1803    -0.0337     0.3455
   19.1903    -0.0303     0.3454
   19.2003    -0.0268     0.3453
   19.2103    -0.0233     0.3451
   19.2203    -0.0199     0.3450
   19.2303    -0.0164     0.3448
   19.2403    -0.0130     0.3445
   19.2503    -0.0096     0.3443
   19.2603    -0.0061     0.3440
   19.2703    -0.0027     0.3437
   19.2803     0.0008     0.3434
   19.2903     0.0042     0.3430
   19.3003     0.0076     0.3426
   19.3103     0.0110     0.3422
   19.3203     0.0145     0.3417
   19.3303     0.0179     0.3413
   19.3403     0.0213     0.3408
   19.3503     0.0247     0.3402
   19.3603     0.0281     0.3397
   19.3703     0.0315     0.3391
   19.3803     0.0349     0.3385
   19.3903     0.0383     0.3379
   19.4003     0.0416     0.3372
   19.4103     0.0450     0.3365
   19.4203     0.0484     0.3358
   19.4303     0.0517     0.3351
   19.4403     0.0551     0.3343
   19.4503     0.0584     0.3335
   19.4604     0.0617     0.3327
   19.4704     0.0651     0.3319
   19.4804     0.0684     0.3310
   19.4904     0.0717     0.3301
   19.5004     0.0750     0.3292
   19.5104     0.0783     0.3283
   19.5204     0.0815     0.3273
   19.5304     0.0848     0.3263
   19.5404     0.0881     0.3253
   19.5504     0.0913     0.3243
   19.5604     0.0946     0.3232
   19.5704     0.0978     0.3221
   19.5804     0.1010     0.3210
   19.5904     0.1042     0.3198
   19.6004     0.1074     0.3187
   19.6104     0.1106     0.3175
   19.6204     0.1137     0.3163
   19.6304     0.1169     0.3150
   19.6404     0.1200     0.3138
   19.6504     0.1232     0.3125
   19.6604     0.1263     0.3112
   19.6704     0.1294     0.3098
   19.6804     0.1325     0.3085
   19.6904     0.1356     0.3071
   19.7004     0.1386     0.3057
   19.7104     0.1417     0.3043
   19.7204     0.1447     0.3028
   19.7304     0.1477     0.3013
   19.7404     0.1507     0.2999
   19.7504     0.1537     0.2983
   19.7604     0.1567     0.2968
   19.7704     0.1597     0.2952
   19.7804     0.1626     0.2936
   19.7904     0.1655     0.2920
   19.8004     0.1685     0.2904
   19.8104     0.1714     0.2888
   19.8204     0.1742     0.2871
   19.8304     0.1771     0.2854
   19.8404     0.1799     0.2837
   19.8504     0.1828     0.2819
   19.8604     0.1856     0.2802
   19.8704     0.1884     0.2784
   19.8804     0.1911     0.2766
   19.8904     0.1939     0.2748
   19.9004     0.1966     0.2730
   19.9104     0.1994     0.2711
   19.9204     0.2021     0.2692
   19.9304     0.2047     0.2673
   19.9404     0.2074     0.2654
   19.9504     0.2101     0.2635
   19.9604     0.2127     0.2615
   19.9704     0.2153     0.2595
   19.9804     0.2179     0.2575
   19.9904     0.2204     0.2555
   20.0004     0.2230     0.2535
