    0.0000     1.0000     0.0000
    0.0100     0.9999    -0.0140
    0.0200     0.9997    -0.0280
    0.0300     0.9994    -0.0420
    0.0400     0.9989    -0.0560
    0.0500     0.9983    -0.0699
    0.0600     0.9975    -0.0839
    0.0700     0.9966    -0.0978
    0.0800     0.9955    -0.1117
    0.0900     0.9943    -0.1256
    0.1000     0.9930    -0.1395
    0.1100     0.9915    -0.1533
    0.1200     0.9899    -0.1671
    0.1300     0.9882    -0.1809
    0.1400     0.9863    -0.1946
    0.1500     0.9843    -0.2083
    0.1600     0.9822    -0.2219
    0.1700     0.9799    -0.2355
    0.1800     0.9775    -0.2490
    0.1900     0.9749    -0.2625
    0.2000     0.9722    -0.2759
    0.2100     0.9694    -0.2893
    0.2200     0.9664    -0.3026
    0.2300     0.9633    -0.3159
    0.2400     0.9601    -0.3290
    0.2500     0.9567    -0.3421
    0.2600     0.9533    -0.3552
    0.2700     0.9496    -0.3681
    0.2800     0.9459    -0.3810
    0.2900     0.9420    -0.3938
    0.3000     0.9380    -0.4066
    0.3100     0.9339    -0.4192
    0.3200     0.9296    -0.4317
    0.3300     0.9253    -0.4442
    0.3400     0.9208    -0.4566
    0.3500     0.9161    -0.4689
    0.3600     0.9114    -0.4811
    0.3700     0.9065    -0.4932
    0.3800     0.9015    -0.5051
    0.3900     0.8964    -0.5170
    0.4000     0.8912    -0.5288
    0.4100     0.8858    -0.5405
    0.4200     0.8804    -0.5521
    0.4300     0.8748    -0.5636
    0.4400     0.8691    -0.5750
    0.4500     0.8633    -0.5862
    0.4600     0.8574    -0.5974
    0.4700     0.8513    -0.6084
    0.4800     0.8452    -0.6193
    0.4900     0.8389    -0.6301
    0.5000     0.8326    -0.6408
    0.5100     0.8261    -0.6514
    0.5200     0.8196    -0.6619
    0.5300     0.8129    -0.6722
    0.5400     0.8061    -0.6824
    0.5500     0.7992    -0.6925
    0.5600     0.7923    -0.7025
    0.5700     0.7852    -0.7123
    0.5800     0.7780    -0.7221
    0.5900     0.7708    -0.7317
    0.6000     0.7634    -0.7412
    0.6100     0.7559    -0.7505
    0.6200     0.7484    -0.7597
    0.6300     0.7407    -0.7688
    0.6400     0.7330    -0.7778
    0.6500     0.7252    -0.7866
    0.6600     0.7173    -0.7953
    0.6700     0.7093    -0.8039
    0.6800     0.7012    -0.8124
    0.6900     0.6930    -0.8207
    0.7000     0.6848    -0.8289
    0.7100     0.6765    -0.8370
    0.7200     0.6680    -0.8449
    0.7300     0.6596    -0.8527
    0.7400     0.6510    -0.8604
    0.7500     0.6423    -0.8680
    0.7600     0.6336    -0.8754
    0.7700     0.6248    -0.8827
    0.7800     0.6160    -0.8898
    0.7900     0.6070    -0.8968
    0.8000     0.5980    -0.9037
    0.8100     0.5890    -0.9105
    0.8200     0.5798    -0.9172
    0.8300     0.5706    -0.9237
    0.8400     0.5614    -0.9301
    0.8500     0.5520    -0.9363
    0.8600     0.5426    -0.9424
    0.8700     0.5332    -0.9484
    0.8800     0.5237    -0.9543
    0.8900     0.5141    -0.9601
    0.9000     0.5045    -0.9657
    0.9100     0.4948    -0.9712
    0.9200     0.4850    -0.9766
    0.9300     0.4752    -0.9818
    0.9400     0.4654    -0.9869
    0.9500     0.4555    -0.9919
    0.9600     0.4456    -0.9968
    0.9700     0.4356    -1.0015
    0.9800     0.4255    -1.0062
    0.9900     0.4155    -1.0107
    1.0000     0.4053    -1.0150
    1.0100     0.3952    -1.0193
    1.0200     0.3849    -1.0234
    1.0300     0.3747    -1.0275
    1.0400     0.3644    -1.0314
    1.0500     0.3541    -1.0351
    1.0600     0.3437    -1.0388
    1.0700     0.3333    -1.0423
    1.0800     0.3228    -1.0458
    1.0900     0.3124    -1.0491
    1.1000     0.3019    -1.0522
    1.1100     0.2913    -1.0553
    1.1200     0.2808    -1.0583
    1.1300     0.2702    -1.0611
    1.1400     0.2595    -1.0638
    1.1500     0.2489    -1.0664
    1.1600     0.2382    -1.0689
    1.1700     0.2275    -1.0713
    1.1800     0.2168    -1.0736
    1.1900     0.2060    -1.0757
    1.2000     0.1953    -1.0778
    1.2100     0.1845    -1.0797
    1.2200     0.1737    -1.0815
    1.2300     0.1628    -1.0832
    1.2400     0.1520    -1.0848
    1.2500     0.1412    -1.0863
    1.2600     0.1303    -1.0876
    1.2700     0.1194    -1.0889
    1.2800     0.1085    -1.0900
    1.2900     0.0976    -1.0911
    1.3000     0.0867    -1.0920
    1.3100     0.0758    -1.0928
    1.3200     0.0648    -1.0935
    1.3300     0.0539    -1.0941
    1.3400     0.0429    -1.0946
    1.3500     0.0320    -1.0950
    1.3600     0.0210    -1.0952
    1.3700     0.0101    -1.0954
    1.3800    -0.0009    -1.0954
    1.3900    -0.0118    -1.0954
    1.4000    -0.0228    -1.0952
    1.4100    -0.0337    -1.0949
    1.4200    -0.0447    -1.0945
    1.4300    -0.0556    -1.0940
    1.4400    -0.0665    -1.0934
    1.4500    -0.0775    -1.0927
    1.4600    -0.0884    -1.0919
    1.4700    -0.0993    -1.0909
    1.4800    -0.1102    -1.0899
    1.4900    -0.1211    -1.0887
    1.5000    -0.1320    -1.0874
    1.5100    -0.1429    -1.0861
    1.5200    -0.1537    -1.0846
    1.5300    -0.1646    -1.0829
    1.5400    -0.1754    -1.0812
    1.5500    -0.1862    -1.0794
    1.5600    -0.1970    -1.0775
    1.5700    -0.2077    -1.0754
    1.5800    -0.2185    -1.0732
    1.5900    -0.2292    -1.0709
    1.6000    -0.2399    -1.0685
    1.6100    -0.2506    -1.0660
    1.6200    -0.2612    -1.0634
    1.6300    -0.2718    -1.0607
    1.6400    -0.2824    -1.0578
    1.6500    -0.2930    -1.0548
    1.6600    -0.3035    -1.0518
    1.6700    -0.3140    -1.0485
    1.6800    -0.3245    -1.0452
    1.6900    -0.3349    -1.0418
    1.7000    -0.3453    -1.0382
    1.7100    -0.3557    -1.0345
    1.7200    -0.3660    -1.0307
    1.7300    -0.3763    -1.0268
    1.7400    -0.3865    -1.0228
    1.7500    -0.3968    -1.0186
    1.7600    -0.4069    -1.0144
    1.7700    -0.4170    -1.0100
    1.7800    -0.4271    -1.0054
    1.7900    -0.4372    -1.0008
    1.8000    -0.4471    -0.9960
    1.8100    -0.4571    -0.9911
    1.8200    -0.4670    -0.9861
    1.8300    -0.4768    -0.9810
    1.8400    -0.4866    -0.9757
    1.8500    -0.4963    -0.9703
    1.8600    -0.5060    -0.9648
    1.8700    -0.5156    -0.9592
    1.8800    -0.5252    -0.9534
    1.8900    -0.5347    -0.9475
    1.9000    -0.5441    -0.9415
    1.9100    -0.5535    -0.9353
    1.9200    -0.5628    -0.9291
    1.9300    -0.5721    -0.9227
    1.9400    -0.5813    -0.9161
    1.9500    -0.5904    -0.9095
    1.9600    -0.5995    -0.9027
    1.9700    -0.6085    -0.8957
    1.9800    -0.6174    -0.8887
    1.9900    -0.6262    -0.8815
    2.0000    -0.6350    -0.8742
    2.0100    -0.6437    -0.8668
    2.0200    -0.6523    -0.8592
    2.0300    -0.6609    -0.8515
    2.0400    -0.6694    -0.8437
    2.0500    -0.6778    -0.8357
    2.0600    -0.6861    -0.8276
    2.0700    -0.6943    -0.8194
    2.0800    -0.7025    -0.8111
    2.0900    -0.7105    -0.8026
    2.1000    -0.7185    -0.7940
    2.1100    -0.7264    -0.7853
    2.1200    -0.7342    -0.7764
    2.1300    -0.7419    -0.7674
    2.1400    -0.7496    -0.7583
    2.1500    -0.7571    -0.7490
    2.1600    -0.7646    -0.7397
    2.1700    -0.7719    -0.7302
    2.1800    -0.7792    -0.7206
    2.1900    -0.7863    -0.7108
    2.2000    -0.7934    -0.7009
    2.2100    -0.8003    -0.6909
    2.2200    -0.8072    -0.6808
    2.2300    -0.8140    -0.6706
    2.2400    -0.8206    -0.6602
    2.2500    -0.8272    -0.6498
    2.2600    -0.8336    -0.6392
    2.2700    -0.8399    -0.6285
    2.2800    -0.8462    -0.6176
    2.2900    -0.8523    -0.6067
    2.3000    -0.8583    -0.5956
    2.3100    -0.8642    -0.5845
    2.3200    -0.8700    -0.5732
    2.3300    -0.8757    -0.5618
    2.3400    -0.8812    -0.5503
    2.3500    -0.8867    -0.5387
    2.3600    -0.8920    -0.5270
    2.3700    -0.8972    -0.5152
    2.3800    -0.9023    -0.5033
    2.3900    -0.9073    -0.4913
    2.4000    -0.9121    -0.4791
    2.4100    -0.9169    -0.4669
    2.4200    -0.9215    -0.4546
    2.4300    -0.9260    -0.4423
    2.4400    -0.9303    -0.4298
    2.4500    -0.9345    -0.4172
    2.4600    -0.9387    -0.4046
    2.4700    -0.9426    -0.3918
    2.4800    -0.9465    -0.3790
    2.4900    -0.9502    -0.3661
    2.5000    -0.9538    -0.3531
    2.5100    -0.9573    -0.3401
    2.5200    -0.9606    -0.3270
    2.5300    -0.9638    -0.3138
    2.5400    -0.9669    -0.3005
    2.5500    -0.9698    -0.2872
    2.5600    -0.9726    -0.2738
    2.5700    -0.9753    -0.2604
    2.5800    -0.9778    -0.2469
    2.5900    -0.9802    -0.2334
    2.6000    -0.9825    -0.2198
    2.6100    -0.9846    -0.2061
    2.6200    -0.9866    -0.1924
    2.6300    -0.9885    -0.1787
    2.6400    -0.9902    -0.1649
    2.6500    -0.9918    -0.1511
    2.6600    -0.9932    -0.1373
    2.6700    -0.9945    -0.1234
    2.6800    -0.9957    -0.1095
    2.6900    -0.9967    -0.0956
    2.7000    -0.9976    -0.0817
    2.7100    -0.9984    -0.0677
    2.7200    -0.9990    -0.0538
    2.7300    -0.9994    -0.0398
    2.7400    -0.9998    -0.0258
    2.7500    -0.9999    -0.0118
    2.7600    -1.0000     0.0022
    2.7700    -0.9999     0.0162
    2.7800    -0.9997     0.0302
    2.7900    -0.9993     0.0442
    2.8000    -0.9988     0.0582
    2.8100    -0.9981     0.0721
    2.8200    -0.9973     0.0861
    2.8300    -0.9964     0.1000
    2.8400    -0.9953     0.1139
    2.8500    -0.9941     0.1278
    2.8600    -0.9928     0.1417
    2.8700    -0.9913     0.1555
    2.8800    -0.9897     0.1693
    2.8900    -0.9879     0.1830
    2.9000    -0.9860     0.1968
    2.9100    -0.9840     0.2104
    2.9200    -0.9818     0.2241
    2.9300    -0.9795     0.2376
    2.9400    -0.9771     0.2512
    2.9500    -0.9745     0.2646
    2.9600    -0.9718     0.2781
    2.9700    -0.9689     0.2914
    2.9800    -0.9659     0.3047
    2.9900    -0.9628     0.3179
    3.0000    -0.9596     0.3311
    3.0100    -0.9562     0.3442
    3.0200    -0.9527     0.3572
    3.0300    -0.9491     0.3702
    3.0400    -0.9453     0.3830
    3.0500    -0.9414     0.3958
    3.0600    -0.9374     0.4085
    3.0700    -0.9332     0.4212
    3.0800    -0.9290     0.4337
    3.0900    -0.9246     0.4462
    3.1000    -0.9200     0.4585
    3.1100    -0.9154     0.4708
    3.1200    -0.9106     0.4830
    3.1300    -0.9057     0.4950
    3.1400    -0.9007     0.5070
    3.1500    -0.8956     0.5189
    3.1600    -0.8903     0.5307
    3.1700    -0.8850     0.5424
    3.1800    -0.8795     0.5539
    3.1900    -0.8739     0.5654
    3.2000    -0.8682     0.5767
    3.2100    -0.8624     0.5880
    3.2200    -0.8564     0.5991
    3.2300    -0.8504     0.6101
    3.2400    -0.8442     0.6210
    3.2500    -0.8380     0.6318
    3.2600    -0.8316     0.6425
    3.2700    -0.8251     0.6531
    3.2800    -0.8185     0.6635
    3.2900    -0.8118     0.6738
    3.3000    -0.8050     0.6840
    3.3100    -0.7982     0.6941
    3.3200    -0.7912     0.7041
    3.3300    -0.7841     0.7139
    3.3400    -0.7769     0.7236
    3.3500    -0.7696     0.7332
    3.3600    -0.7622     0.7426
    3.3700    -0.7548     0.7520
    3.3800    -0.7472     0.7612
    3.3900    -0.7395     0.7702
    3.4000    -0.7318     0.7792
    3.4100    -0.7239     0.7880
    3.4200    -0.7160     0.7967
    3.4300    -0.7080     0.8053
    3.4400    -0.6999     0.8137
    3.4500    -0.6917     0.8220
    3.4600    -0.6835     0.8302
    3.4700    -0.6751     0.8382
    3.4800    -0.6667     0.8462
    3.4900    -0.6582     0.8539
    3.5000    -0.6496     0.8616
    3.5100    -0.6410     0.8691
    3.5200    -0.6323     0.8765
    3.5300    -0.6235     0.8838
    3.5400    -0.6146     0.8909
    3.5500    -0.6056     0.8979
    3.5600    -0.5966     0.9048
    3.5700    -0.5875     0.9116
    3.5800    -0.5784     0.9182
    3.5900    -0.5692     0.9247
    3.6000    -0.5599     0.9311
    3.6100    -0.5506     0.9373
    3.6200    -0.5411     0.9434
    3.6300    -0.5317     0.9494
    3.6400    -0.5222     0.9552
    3.6500    -0.5126     0.9610
    3.6600    -0.5029     0.9666
    3.6700    -0.4933     0.9720
    3.6800    -0.4835     0.9774
    3.6900    -0.4737     0.9826
    3.7000    -0.4639     0.9877
    3.7100    -0.4539     0.9927
    3.7200    -0.4440     0.9975
    3.7300    -0.4340     1.0023
    3.7400    -0.4240     1.0069
    3.7500    -0.4139     1.0114
    3.7600    -0.4037     1.0157
    3.7700    -0.3935     1.0200
    3.7800    -0.3833     1.0241
    3.7900    -0.3731     1.0281
    3.8000    -0.3628     1.0320
    3.8100    -0.3524     1.0357
    3.8200    -0.3421     1.0394
    3.8300    -0.3316     1.0429
    3.8400    -0.3212     1.0463
    3.8500    -0.3107     1.0496
    3.8600    -0.3002     1.0527
    3.8700    -0.2897     1.0558
    3.8800    -0.2791     1.0587
    3.8900    -0.2685     1.0615
    3.9000    -0.2579     1.0642
    3.9100    -0.2472     1.0668
    3.9200    -0.2365     1.0693
    3.9300    -0.2258     1.0717
    3.9400    -0.2151     1.0739
    3.9500    -0.2043     1.0761
    3.9600    -0.1936     1.0781
    3.9700    -0.1828     1.0800
    3.9800    -0.1720     1.0818
    3.9900    -0.1611     1.0835
    4.0000    -0.1503     1.0850
    4.0100    -0.1394     1.0865
    4.0200    -0.1286     1.0878
    4.0300    -0.1177     1.0891
    4.0400    -0.1068     1.0902
    4.0500    -0.0959     1.0912
    4.0600    -0.0850     1.0921
    4.0700    -0.0740     1.0929
    4.0800    -0.0631     1.0936
    4.0900    -0.0522     1.0942
    4.1000    -0.0412     1.0947
    4.1100    -0.0303     1.0950
    4.1200    -0.0193     1.0953
    4.1300    -0.0084     1.0954
    4.1400     0.0026     1.0954
    4.1500     0.0135     1.0954
    4.1600     0.0245     1.0952
    4.1700     0.0354     1.0949
    4.1800     0.0464     1.0945
    4.1900     0.0573     1.0939
    4.2000     0.0683     1.0933
    4.2100     0.0792     1.0926
    4.2200     0.0901     1.0917
    4.2300     0.1010     1.0908
    4.2400     0.1119     1.0897
    4.2500     0.1228     1.0885
    4.2600     0.1337     1.0872
    4.2700     0.1446     1.0858
    4.2800     0.1554     1.0843
    4.2900     0.1663     1.0827
    4.3000     0.1771     1.0809
    4.3100     0.1879     1.0791
    4.3200     0.1987     1.0771
    4.3300     0.2094     1.0751
    4.3400     0.2202     1.0729
    4.3500     0.2309     1.0706
    4.3600     0.2416     1.0682
    4.3700     0.2522     1.0656
    4.3800     0.2629     1.0630
    4.3900     0.2735     1.0602
    4.4000     0.2841     1.0574
    4.4100     0.2946     1.0544
    4.4200     0.3052     1.0513
    4.4300     0.3157     1.0480
    4.4400     0.3261     1.0447
    4.4500     0.3366     1.0412
    4.4600     0.3470     1.0377
    4.4700     0.3573     1.0340
    4.4800     0.3676     1.0301
    4.4900     0.3779     1.0262
    4.5000     0.3882     1.0222
    4.5100     0.3984     1.0180
    4.5200     0.4085     1.0137
    4.5300     0.4186     1.0093
    4.5400     0.4287     1.0047
    4.5500     0.4387     1.0001
    4.5600     0.4487     0.9953
    4.5700     0.4586     0.9904
    4.5800     0.4685     0.9853
    4.5900     0.4783     0.9802
    4.6000     0.4881     0.9749
    4.6100     0.4978     0.9695
    4.6200     0.5075     0.9639
    4.6300     0.5171     0.9583
    4.6400     0.5267     0.9525
    4.6500     0.5362     0.9466
    4.6600     0.5456     0.9405
    4.6700     0.5550     0.9344
    4.6800     0.5643     0.9281
    4.6900     0.5735     0.9216
    4.7000     0.5827     0.9151
    4.7100     0.5918     0.9084
    4.7200     0.6009     0.9016
    4.7300     0.6099     0.8946
    4.7400     0.6188     0.8876
    4.7500     0.6276     0.8804
    4.7600     0.6364     0.8730
    4.7700     0.6451     0.8656
    4.7800     0.6537     0.8580
    4.7900     0.6622     0.8503
    4.8000     0.6707     0.8424
    4.8100     0.6791     0.8345
    4.8200     0.6874     0.8263
    4.8300     0.6956     0.8181
    4.8400     0.7038     0.8097
    4.8500     0.7118     0.8012
    4.8600     0.7198     0.7926
    4.8700     0.7277     0.7839
    4.8800     0.7355     0.7750
    4.8900     0.7432     0.7660
    4.9000     0.7508     0.7568
    4.9100     0.7583     0.7476
    4.9200     0.7657     0.7382
    4.9300     0.7731     0.7287
    4.9400     0.7803     0.7190
    4.9500     0.7874     0.7093
    4.9600     0.7945     0.6994
    4.9700     0.8014     0.6894
    4.9800     0.8083     0.6792
    4.9900     0.8150     0.6690
    5.0000     0.8216     0.6586
    5.0100     0.8282     0.6481
    5.0200     0.8346     0.6375
    5.0300     0.8409     0.6268
    5.0400     0.8471     0.6159
    5.0500     0.8532     0.6050
    5.0600     0.8592     0.5939
    5.0700     0.8651     0.5827
    5.0800     0.8709     0.5714
    5.0900     0.8766     0.5600
    5.1000     0.8821     0.5485
    5.1100     0.8875     0.5369
    5.1200     0.8928     0.5251
    5.1300     0.8980     0.5133
    5.1400     0.9031     0.5014
    5.1500     0.9080     0.4894
    5.1600     0.9129     0.4772
    5.1700     0.9176     0.4650
    5.1800     0.9222     0.4527
    5.1900     0.9266     0.4403
    5.2000     0.9310     0.4278
    5.2100     0.9352     0.4152
    5.2200     0.9393     0.4026
    5.2300     0.9433     0.3898
    5.2400     0.9471     0.3770
    5.2500     0.9508     0.3641
    5.2600     0.9544     0.3511
    5.2700     0.9578     0.3380
    5.2800     0.9611     0.3249
    5.2900     0.9643     0.3117
    5.3000     0.9674     0.2984
    5.3100     0.9703     0.2851
    5.3200     0.9731     0.2717
    5.3300     0.9757     0.2583
    5.3400     0.9782     0.2448
    5.3500     0.9806     0.2312
    5.3600     0.9829     0.2176
    5.3700     0.9850     0.2040
    5.3800     0.9869     0.1903
    5.3900     0.9888     0.1766
    5.4000     0.9905     0.1628
    5.4100     0.9920     0.1490
    5.4200     0.9934     0.1351
    5.4300     0.9947     0.1213
    5.4400     0.9959     0.1074
    5.4500     0.9969     0.0934
    5.4600     0.9977     0.0795
    5.4700     0.9985     0.0655
    5.4800     0.9990     0.0516
    5.4900     0.9995     0.0376
    5.5000     0.9998     0.0236
    5.5100     1.0000     0.0096
    5.5200     1.0000    -0.0044
    5.5300     0.9999    -0.0184
    5.5400     0.9996    -0.0324
    5.5500     0.9992    -0.0464
    5.5600     0.9987    -0.0604
    5.5700     0.9980    -0.0743
    5.5800     0.9972    -0.0883
    5.5900     0.9963    -0.1022
    5.6000     0.9952    -0.1161
    5.6100     0.9939    -0.1300
    5.6200     0.9926    -0.1438
    5.6300     0.9911    -0.1577
    5.6400     0.9894    -0.1715
    5.6500     0.9876    -0.1852
    5.6600     0.9857    -0.1989
    5.6700     0.9837    -0.2126
    5.6800     0.9815    -0.2262
    5.6900     0.9791    -0.2398
    5.7000     0.9767    -0.2533
    5.7100     0.9741    -0.2668
    5.7200     0.9713    -0.2802
    5.7300     0.9685    -0.2935
    5.7400     0.9655    -0.3068
    5.7500     0.9623    -0.3200
    5.7600     0.9591    -0.3332
    5.7700     0.9557    -0.3463
    5.7800     0.9521    -0.3593
    5.7900     0.9485    -0.3722
    5.8000     0.9447    -0.3851
    5.8100     0.9408    -0.3978
    5.8200     0.9367    -0.4105
    5.8300     0.9326    -0.4232
    5.8400     0.9283    -0.4357
    5.8500     0.9239    -0.4481
    5.8600     0.9193    -0.4605
    5.8700     0.9146    -0.4727
    5.8800     0.9099    -0.4849
    5.8900     0.9049    -0.4969
    5.9000     0.8999    -0.5089
    5.9100     0.8948    -0.5208
    5.9200     0.8895    -0.5325
    5.9300     0.8841    -0.5442
    5.9400     0.8786    -0.5557
    5.9500     0.8730    -0.5672
    5.9600     0.8673    -0.5785
    5.9700     0.8614    -0.5897
    5.9800     0.8555    -0.6009
    5.9900     0.8494    -0.6119
    6.0000     0.8432    -0.6228
    6.0100     0.8370    -0.6335
    6.0200     0.8306    -0.6442
    6.0300     0.8241    -0.6547
    6.0400     0.8175    -0.6651
    6.0500     0.8108    -0.6754
    6.0600     0.8040    -0.6856
    6.0700     0.7971    -0.6957
    6.0800     0.7901    -0.7056
    6.0900     0.7830    -0.7154
    6.1000     0.7757    -0.7251
    6.1100     0.7684    -0.7347
    6.1200     0.7611    -0.7441
    6.1300     0.7536    -0.7534
    6.1400     0.7460    -0.7626
    6.1500     0.7383    -0.7717
    6.1600     0.7306    -0.7806
    6.1700     0.7227    -0.7894
    6.1800     0.7148    -0.7981
    6.1900     0.7067    -0.8066
    6.2000     0.6986    -0.8150
    6.2100     0.6904    -0.8233
    6.2200     0.6822    -0.8315
    6.2300     0.6738    -0.8395
    6.2400     0.6654    -0.8474
    6.2500     0.6569    -0.8552
    6.2600     0.6483    -0.8628
    6.2700     0.6396    -0.8703
    6.2800     0.6309    -0.8777
    6.2900     0.6221    -0.8849
    6.3000     0.6132    -0.8920
    6.3100     0.6042    -0.8990
    6.3200     0.5952    -0.9059
    6.3300     0.5861    -0.9126
    6.3401     0.5769    -0.9192
    6.3501     0.5677    -0.9257
    6.3601     0.5584    -0.9320
    6.3701     0.5491    -0.9383
    6.3801     0.5397    -0.9444
    6.3901     0.5302    -0.9503
    6.4001     0.5207    -0.9561
    6.4101     0.5111    -0.9619
    6.4201     0.5014    -0.9674
    6.4301     0.4917    -0.9729
    6.4401     0.4820    -0.9782
    6.4501     0.4722    -0.9834
    6.4601     0.4623    -0.9885
    6.4701     0.4524    -0.9935
    6.4801     0.4424    -0.9983
    6.4901     0.4324    -1.0030
    6.5001     0.4224    -1.0076
    6.5101     0.4123    -1.0121
    6.5201     0.4021    -1.0164
    6.5301     0.3919    -1.0206
    6.5401     0.3817    -1.0247
    6.5501     0.3714    -1.0287
    6.5601     0.3611    -1.0326
    6.5701     0.3508    -1.0363
    6.5801     0.3404    -1.0399
    6.5901     0.3300    -1.0434
    6.6001     0.3195    -1.0468
    6.6101     0.3091    -1.0501
    6.6201     0.2985    -1.0532
    6.6301     0.2880    -1.0563
    6.6401     0.2774    -1.0592
    6.6501     0.2668    -1.0620
    6.6601     0.2562    -1.0647
    6.6701     0.2455    -1.0672
    6.6801     0.2348    -1.0697
    6.6901     0.2241    -1.0720
    6.7001     0.2134    -1.0743
    6.7101     0.2026    -1.0764
    6.7201     0.1919    -1.0784
    6.7301     0.1811    -1.0803
    6.7401     0.1703    -1.0821
    6.7501     0.1594    -1.0837
    6.7601     0.1486    -1.0853
    6.7701     0.1377    -1.0867
    6.7801     0.1269    -1.0881
    6.7901     0.1160    -1.0893
    6.8001     0.1051    -1.0904
    6.8101     0.0942    -1.0914
    6.8201     0.0832    -1.0923
    6.8301     0.0723    -1.0931
    6.8401     0.0614    -1.0937
    6.8501     0.0504    -1.0943
    6.8601     0.0395    -1.0947
    6.8701     0.0285    -1.0951
    6.8801     0.0176    -1.0953
    6.8901     0.0066    -1.0954
    6.9001    -0.0043    -1.0954
    6.9101    -0.0153    -1.0953
    6.9201    -0.0262    -1.0951
    6.9301    -0.0372    -1.0948
    6.9401    -0.0481    -1.0944
    6.9501    -0.0591    -1.0939
    6.9601    -0.0700    -1.0932
    6.9701    -0.0809    -1.0924
    6.9801    -0.0918    -1.0916
    6.9901    -0.1027    -1.0906
    7.0001    -0.1136    -1.0895
    7.0101    -0.1245    -1.0883
    7.0201    -0.1354    -1.0870
    7.0301    -0.1463    -1.0856
    7.0401    -0.1571    -1.0841
    7.0501    -0.1680    -1.0824
    7.0601    -0.1788    -1.0807
    7.0701    -0.1896    -1.0788
    7.0801    -0.2004    -1.0768
    7.0901    -0.2111    -1.0747
    7.1001    -0.2218    -1.0725
    7.1101    -0.2326    -1.0702
    7.1201    -0.2432    -1.0678
    7.1301    -0.2539    -1.0652
    7.1401    -0.2646    -1.0626
    7.1501    -0.2752    -1.0598
    7.1601    -0.2857    -1.0569
    7.1701    -0.2963    -1.0539
    7.1801    -0.3068    -1.0508
    7.1901    -0.3173    -1.0475
    7.2001    -0.3278    -1.0442
    7.2101    -0.3382    -1.0407
    7.2201    -0.3486    -1.0371
    7.2301    -0.3589    -1.0334
    7.2401    -0.3693    -1.0295
    7.2501    -0.3795    -1.0256
    7.2601    -0.3898    -1.0215
    7.2701    -0.4000    -1.0173
    7.2801    -0.4101    -1.0130
    7.2901    -0.4202    -1.0086
    7.3001    -0.4303    -1.0040
    7.3101    -0.4403    -0.9993
    7.3201    -0.4503    -0.9945
    7.3301    -0.4602    -0.9896
    7.3401    -0.4701    -0.9845
    7.3501    -0.4799    -0.9793
    7.3601    -0.4896    -0.9740
    7.3701    -0.4994    -0.9686
    7.3801    -0.5090    -0.9631
    7.3901    -0.5186    -0.9574
    7.4001    -0.5282    -0.9516
    7.4101    -0.5377    -0.9456
    7.4201    -0.5471    -0.9396
    7.4301    -0.5564    -0.9334
    7.4401    -0.5657    -0.9271
    7.4501    -0.5750    -0.9206
    7.4601    -0.5842    -0.9140
    7.4701    -0.5933    -0.9073
    7.4801    -0.6023    -0.9005
    7.4901    -0.6113    -0.8935
    7.5001    -0.6202    -0.8865
    7.5101    -0.6290    -0.8792
    7.5201    -0.6378    -0.8719
    7.5301    -0.6464    -0.8644
    7.5401    -0.6550    -0.8568
    7.5501    -0.6636    -0.8491
    7.5601    -0.6720    -0.8412
    7.5701    -0.6804    -0.8332
    7.5801    -0.6887    -0.8251
    7.5901    -0.6969    -0.8168
    7.6001    -0.7050    -0.8084
    7.6101    -0.7131    -0.7999
    7.6201    -0.7210    -0.7912
    7.6301    -0.7289    -0.7825
    7.6401    -0.7367    -0.7736
    7.6501    -0.7444    -0.7645
    7.6601    -0.7520    -0.7554
    7.6701    -0.7595    -0.7461
    7.6801    -0.7669    -0.7367
    7.6901    -0.7742    -0.7272
    7.7001    -0.7814    -0.7175
    7.7101    -0.7886    -0.7077
    7.7201    -0.7956    -0.6978
    7.7301    -0.8025    -0.6878
    7.7401    -0.8093    -0.6776
    7.7501    -0.8161    -0.6673
    7.7601    -0.8227    -0.6570
    7.7701    -0.8292    -0.6464
    7.7801    -0.8356    -0.6358
    7.7901    -0.8419    -0.6251
    7.8001    -0.8481    -0.6142
    7.8101    -0.8542    -0.6032
    7.8201    -0.8602    -0.5921
    7.8301    -0.8660    -0.5809
    7.8401    -0.8718    -0.5696
    7.8501    -0.8774    -0.5582
    7.8601    -0.8830    -0.5467
    7.8701    -0.8884    -0.5350
    7.8801    -0.8937    -0.5233
    7.8901    -0.8988    -0.5114
    7.9001    -0.9039    -0.4995
    7.9101    -0.9088    -0.4875
    7.9201    -0.9136    -0.4753
    7.9301    -0.9183    -0.4631
    7.9401    -0.9229    -0.4508
    7.9501    -0.9273    -0.4383
    7.9601    -0.9317    -0.4258
    7.9701    -0.9359    -0.4132
    7.9801    -0.9399    -0.4006
    7.9901    -0.9439    -0.3878
    8.0001    -0.9477    -0.3749
    8.0101    -0.9514    -0.3620
    8.0201    -0.9549    -0.3490
    8.0301    -0.9583    -0.3360
    8.0401    -0.9616    -0.3228
    8.0501    -0.9648    -0.3096
    8.0601    -0.9678    -0.2963
    8.0701    -0.9707    -0.2830
    8.0801    -0.9735    -0.2696
    8.0901    -0.9761    -0.2562
    8.1001    -0.9786    -0.2427
    8.1101    -0.9810    -0.2291
    8.1201    -0.9832    -0.2155
    8.1301    -0.9853    -0.2018
    8.1401    -0.9872    -0.1881
    8.1501    -0.9890    -0.1744
    8.1601    -0.9907    -0.1606
    8.1701    -0.9923    -0.1468
    8.1801    -0.9937    -0.1329
    8.1901    -0.9949    -0.1191
    8.2001    -0.9960    -0.1052
    8.2101    -0.9970    -0.0912
    8.2201    -0.9979    -0.0773
    8.2301    -0.9986    -0.0633
    8.2401    -0.9991    -0.0494
    8.2501    -0.9996    -0.0354
    8.2601    -0.9998    -0.0214
    8.2701    -1.0000    -0.0074
    8.2801    -1.0000     0.0066
    8.2901    -0.9998     0.0206
    8.3001    -0.9996     0.0346
    8.3101    -0.9992     0.0486
    8.3201    -0.9986     0.0626
    8.3301    -0.9979     0.0765
    8.3401    -0.9971     0.0905
    8.3501    -0.9961     0.1044
    8.3601    -0.9950     0.1183
    8.3701    -0.9937     0.1322
    8.3801    -0.9923     0.1460
    8.3901    -0.9908     0.1598
    8.4001    -0.9891     0.1736
    8.4101    -0.9873     0.1874
    8.4201    -0.9854     0.2011
    8.4301    -0.9833     0.2147
    8.4401    -0.9811     0.2283
    8.4501    -0.9787     0.2419
    8.4601    -0.9763     0.2554
    8.4701    -0.9736     0.2689
    8.4801    -0.9709     0.2823
    8.4901    -0.9680     0.2956
    8.5001    -0.9650     0.3089
    8.5101    -0.9618     0.3221
    8.5201    -0.9585     0.3352
    8.5301    -0.9551     0.3483
    8.5401    -0.9516     0.3613
    8.5501    -0.9479     0.3742
    8.5601    -0.9441     0.3871
    8.5701    -0.9401     0.3998
    8.5801    -0.9361     0.4125
    8.5901    -0.9319     0.4251
    8.6001    -0.9276     0.4376
    8.6101    -0.9231     0.4501
    8.6201    -0.9186     0.4624
    8.6301    -0.9139     0.4746
    8.6401    -0.9091     0.4868
    8.6501    -0.9042     0.4988
    8.6601    -0.8991     0.5108
    8.6701    -0.8939     0.5226
    8.6801    -0.8887     0.5344
    8.6901    -0.8833     0.5460
    8.7001    -0.8777     0.5575
    8.7101    -0.8721     0.5690
    8.7201    -0.8664     0.5803
    8.7301    -0.8605     0.5915
    8.7401    -0.8545     0.6026
    8.7501    -0.8485     0.6136
    8.7601    -0.8423     0.6245
    8.7701    -0.8360     0.6352
    8.7801    -0.8296     0.6458
    8.7901    -0.8230     0.6564
    8.8001    -0.8164     0.6668
    8.8101    -0.8097     0.6771
    8.8201    -0.8029     0.6872
    8.8301    -0.7960     0.6972
    8.8401    -0.7889     0.7072
    8.8501    -0.7818     0.7170
    8.8601    -0.7746     0.7266
    8.8701    -0.7673     0.7362
    8.8801    -0.7599     0.7456
    8.8901    -0.7524     0.7549
    8.9001    -0.7448     0.7640
    8.9101    -0.7371     0.7731
    8.9201    -0.7293     0.7820
    8.9301    -0.7215     0.7908
    8.9401    -0.7135     0.7994
    8.9501    -0.7055     0.8079
    8.9601    -0.6974     0.8163
    8.9701    -0.6891     0.8246
    8.9801    -0.6809     0.8327
    8.9901    -0.6725     0.8407
    9.0001    -0.6640     0.8486
    9.0101    -0.6555     0.8564
    9.0201    -0.6469     0.8640
    9.0301    -0.6382     0.8715
    9.0401    -0.6295     0.8788
    9.0501    -0.6207     0.8861
    9.0601    -0.6118     0.8932
    9.0701    -0.6028     0.9001
    9.0801    -0.5938     0.9070
    9.0901    -0.5847     0.9137
    9.1001    -0.5755     0.9203
    9.1101    -0.5663     0.9267
    9.1201    -0.5570     0.9330
    9.1301    -0.5476     0.9392
    9.1401    -0.5382     0.9453
    9.1501    -0.5287     0.9512
    9.1601    -0.5192     0.9571
    9.1701    -0.5096     0.9627
    9.1801    -0.4999     0.9683
    9.1901    -0.4902     0.9737
    9.2001    -0.4804     0.9790
    9.2101    -0.4706     0.9842
    9.2201    -0.4607     0.9893
    9.2301    -0.4508     0.9942
    9.2401    -0.4409     0.9990
    9.2501    -0.4308     1.0037
    9.2601    -0.4208     1.0083
    9.2701    -0.4107     1.0127
    9.2801    -0.4005     1.0171
    9.2901    -0.3903     1.0213
    9.3001    -0.3801     1.0254
    9.3101    -0.3698     1.0293
    9.3201    -0.3595     1.0332
    9.3301    -0.3492     1.0369
    9.3401    -0.3388     1.0405
    9.3501    -0.3284     1.0440
    9.3601    -0.3179     1.0473
    9.3701    -0.3074     1.0506
    9.3801    -0.2969     1.0537
    9.3901    -0.2863     1.0567
    9.4001    -0.2758     1.0596
    9.4101    -0.2651     1.0624
    9.4201    -0.2545     1.0651
    9.4301    -0.2438     1.0676
    9.4401    -0.2332     1.0701
    9.4501    -0.2224     1.0724
    9.4601    -0.2117     1.0746
    9.4701    -0.2009     1.0767
    9.4801    -0.1902     1.0787
    9.4901    -0.1794     1.0806
    9.5001    -0.1686     1.0823
    9.5101    -0.1577     1.0840
    9.5201    -0.1469     1.0855
    9.5301    -0.1360     1.0869
    9.5401    -0.1251     1.0883
    9.5501    -0.1143     1.0895
    9.5601    -0.1034     1.0905
    9.5701    -0.0924     1.0915
    9.5801    -0.0815     1.0924
    9.5901    -0.0706     1.0932
    9.6001    -0.0597     1.0938
    9.6101    -0.0487     1.0944
    9.6201    -0.0378     1.0948
    9.6301    -0.0268     1.0951
    9.6401    -0.0159     1.0953
    9.6501    -0.0049     1.0954
    9.6601     0.0060     1.0954
    9.6701     0.0170     1.0953
    9.6801     0.0279     1.0951
    9.6901     0.0389     1.0948
    9.7001     0.0498     1.0943
    9.7101     0.0608     1.0938
    9.7201     0.0717     1.0931
    9.7301     0.0826     1.0923
    9.7401     0.0936     1.0914
    9.7501     0.1045     1.0904
    9.7601     0.1154     1.0893
    9.7701     0.1263     1.0881
    9.7801     0.1371     1.0868
    9.7901     0.1480     1.0854
    9.8001     0.1588     1.0838
    9.8101     0.1697     1.0822
    9.8201     0.1805     1.0804
    9.8301     0.1913     1.0785
    9.8401     0.2020     1.0765
    9.8501     0.2128     1.0744
    9.8601     0.2235     1.0722
    9.8701     0.2342     1.0698
    9.8801     0.2449     1.0674
    9.8901     0.2556     1.0648
    9.9001     0.2662     1.0621
    9.9101     0.2768     1.0593
    9.9201     0.2874     1.0564
    9.9301     0.2980     1.0534
    9.9401     0.3085     1.0503
    9.9501     0.3190     1.0470
    9.9601     0.3294     1.0436
    9.9701     0.3398     1.0401
    9.9801     0.3502     1.0365
    9.9901     0.3606     1.0328
   10.0001     0.3709     1.0289
   10.0101     0.3811     1.0249
   10.0201     0.3914     1.0209
   10.0301     0.4016     1.0166
   10.0401     0.4117     1.0123
   10.0501     0.4218     1.0078
   10.0601     0.4319     1.0033
   10.0701     0.4419     0.9986
   10.0801     0.4518     0.9937
   10.0901     0.4617     0.9888
   10.1001     0.4716     0.9837
   10.1101     0.4814     0.9785
   10.1201     0.4912     0.9732
   10.1301     0.5009     0.9677
   10.1401     0.5105     0.9622
   10.1501     0.5201     0.9565
   10.1601     0.5297     0.9506
   10.1701     0.5391     0.9447
   10.1801     0.5486     0.9386
   10.1901     0.5579     0.9324
   10.2001     0.5672     0.9261
   10.2101     0.5764     0.9196
   10.2201     0.5856     0.9130
   10.2301     0.5947     0.9063
   10.2401     0.6037     0.8994
   10.2501     0.6127     0.8924
   10.2601     0.6216     0.8853
   10.2701     0.6304     0.8781
   10.2801     0.6391     0.8707
   10.2901     0.6478     0.8632
   10.3001     0.6564     0.8556
   10.3101     0.6649     0.8478
   10.3201     0.6733     0.8399
   10.3301     0.6817     0.8319
   10.3401     0.6900     0.8238
   10.3501     0.6982     0.8155
   10.3601     0.7063     0.8071
   10.3701     0.7143     0.7985
   10.3801     0.7223     0.7899
   10.3901     0.7301     0.7811
   10.4001     0.7379     0.7722
   10.4101     0.7456     0.7631
   10.4201     0.7531     0.7539
   10.4301     0.7606     0.7446
   10.4401     0.7680     0.7352
   10.4501     0.7753     0.7256
   10.4601     0.7826     0.7160
   10.4701     0.7897     0.7062
   10.4801     0.7967     0.6962
   10.4901     0.8036     0.6862
   10.5001     0.8104     0.6760
   10.5101     0.8171     0.6657
   10.5201     0.8237     0.6553
   10.5301     0.8302     0.6448
   10.5401     0.8366     0.6341
   10.5501     0.8429     0.6234
   10.5601     0.8491     0.6125
   10.5701     0.8551     0.6015
   10.5801     0.8611     0.5904
   10.5901     0.8670     0.5791
   10.6001     0.8727     0.5678
   10.6101     0.8783     0.5564
   10.6201     0.8838     0.5448
   10.6301     0.8892     0.5332
   10.6401     0.8945     0.5214
   10.6501     0.8996     0.5096
   10.6601     0.9047     0.4976
   10.6701     0.9096     0.4855
   10.6801     0.9144     0.4734
   10.6901     0.9191     0.4611
   10.7001     0.9236     0.4488
   10.7101     0.9280     0.4364
   10.7201     0.9323     0.4239
   10.7302     0.9365     0.4112
   10.7402     0.9406     0.3985
   10.7502     0.9445     0.3858
   10.7602     0.9483     0.3729
   10.7702     0.9519     0.3600
   10.7802     0.9555     0.3470
   10.7902     0.9589     0.3339
   10.8002     0.9621     0.3208
   10.8102     0.9653     0.3075
   10.8202     0.9683     0.2943
   10.8302     0.9712     0.2809
   10.8402     0.9739     0.2675
   10.8502     0.9765     0.2540
   10.8602     0.9790     0.2405
   10.8702     0.9813     0.2270
   10.8802     0.9835     0.2133
   10.8902     0.9856     0.1997
   10.9002     0.9875     0.1860
   10.9102     0.9893     0.1722
   10.9202     0.9910     0.1584
   10.9302     0.9925     0.1446
   10.9402     0.9939     0.1308
   10.9502     0.9951     0.1169
   10.9602     0.9962     0.1030
   10.9702     0.9972     0.0891
   10.9802     0.9980     0.0751
   10.9902     0.9987     0.0611
   11.0002     0.9992     0.0472
   11.0102     0.9996     0.0332
   11.0202     0.9999     0.0192
   11.0302     1.0000     0.0052
   11.0402     1.0000    -0.0088
   11.0502     0.9998    -0.0228
   11.0602     0.9995    -0.0368
   11.0702     0.9991    -0.0508
   11.0802     0.9985    -0.0648
   11.0902     0.9978    -0.0787
   11.1002     0.9969    -0.0927
   11.1102     0.9959    -0.1066
   11.1202     0.9948    -0.1205
   11.1302     0.9935    -0.1344
   11.1402     0.9921    -0.1482
   11.1502     0.9906    -0.1620
   11.1602     0.9889    -0.1758
   11.1702     0.9870    -0.1895
   11.1802     0.9851    -0.2032
   11.1902     0.9830    -0.2169
   11.2002     0.9807    -0.2305
   11.2102     0.9784    -0.2440
   11.2202     0.9759    -0.2575
   11.2302     0.9732    -0.2710
   11.2402     0.9704    -0.2844
   11.2502     0.9675    -0.2977
   11.2602     0.9645    -0.3110
   11.2702     0.9613    -0.3242
   11.2802     0.9580    -0.3373
   11.2902     0.9546    -0.3504
   11.3002     0.9510    -0.3633
   11.3102     0.9473    -0.3763
   11.3202     0.9435    -0.3891
   11.3302     0.9395    -0.4018
   11.3402     0.9354    -0.4145
   11.3502     0.9312    -0.4271
   11.3602     0.9269    -0.4396
   11.3702     0.9224    -0.4520
   11.3802     0.9179    -0.4643
   11.3902     0.9131    -0.4766
   11.4002     0.9083    -0.4887
   11.4102     0.9034    -0.5007
   11.4202     0.8983    -0.5126
   11.4302     0.8931    -0.5245
   11.4402     0.8878    -0.5362
   11.4502     0.8824    -0.5478
   11.4602     0.8769    -0.5594
   11.4702     0.8712    -0.5708
   11.4802     0.8654    -0.5821
   11.4902     0.8596    -0.5933
   11.5002     0.8536    -0.6043
   11.5102     0.8475    -0.6153
   11.5202     0.8413    -0.6262
   11.5302     0.8350    -0.6369
   11.5402     0.8285    -0.6475
   11.5502     0.8220    -0.6580
   11.5602     0.8154    -0.6684
   11.5702     0.8086    -0.6787
   11.5802     0.8018    -0.6888
   11.5902     0.7949    -0.6988
   11.6002     0.7878    -0.7087
   11.6102     0.7807    -0.7185
   11.6202     0.7735    -0.7281
   11.6302     0.7661    -0.7377
   11.6402     0.7587    -0.7471
   11.6502     0.7512    -0.7563
   11.6602     0.7436    -0.7655
   11.6702     0.7359    -0.7745
   11.6802     0.7281    -0.7834
   11.6902     0.7202    -0.7921
   11.7002     0.7123    -0.8008
   11.7102     0.7042    -0.8093
   11.7202     0.6961    -0.8176
   11.7302     0.6878    -0.8259
   11.7402     0.6795    -0.8340
   11.7502     0.6712    -0.8420
   11.7602     0.6627    -0.8498
   11.7702     0.6542    -0.8576
   11.7802     0.6456    -0.8652
   11.7902     0.6369    -0.8726
   11.8002     0.6281    -0.8800
   11.8102     0.6193    -0.8872
   11.8202     0.6104    -0.8943
   11.8302     0.6014    -0.9012
   11.8402     0.5923    -0.9080
   11.8502     0.5832    -0.9147
   11.8602     0.5740    -0.9213
   11.8702     0.5648    -0.9277
   11.8802     0.5555    -0.9340
   11.8902     0.5461    -0.9402
   11.9002     0.5367    -0.9462
   11.9102     0.5272    -0.9522
   11.9202     0.5176    -0.9580
   11.9302     0.5080    -0.9636
   11.9402     0.4984    -0.9692
   11.9502     0.4887    -0.9746
   11.9602     0.4789    -0.9799
   11.9702     0.4691    -0.9850
   11.9802     0.4592    -0.9901
   11.9902     0.4493    -0.9950
   12.0002     0.4393    -0.9998
   12.0102     0.4293    -1.0045
   12.0202     0.4192    -1.0090
   12.0302     0.4091    -1.0134
   12.0402     0.3989    -1.0177
   12.0502     0.3887    -1.0219
   12.0602     0.3785    -1.0260
   12.0702     0.3682    -1.0299
   12.0802     0.3579    -1.0337
   12.0902     0.3475    -1.0375
   12.1002     0.3371    -1.0410
   12.1102     0.3267    -1.0445
   12.1202     0.3163    -1.0478
   12.1302     0.3058    -1.0511
   12.1402     0.2952    -1.0542
   12.1502     0.2847    -1.0572
   12.1602     0.2741    -1.0601
   12.1702     0.2635    -1.0628
   12.1802     0.2528    -1.0655
   12.1902     0.2422    -1.0680
   12.2002     0.2315    -1.0704
   12.2102     0.2208    -1.0728
   12.2202     0.2100    -1.0749
   12.2302     0.1993    -1.0770
   12.2402     0.1885    -1.0790
   12.2502     0.1777    -1.0808
   12.2602     0.1669    -1.0826
   12.2702     0.1560    -1.0842
   12.2802     0.1452    -1.0857
   12.2902     0.1343    -1.0872
   12.3002     0.1234    -1.0884
   12.3102     0.1125    -1.0896
   12.3202     0.1016    -1.0907
   12.3302     0.0907    -1.0917
   12.3402     0.0798    -1.0925
   12.3502     0.0689    -1.0933
   12.3602     0.0579    -1.0939
   12.3702     0.0470    -1.0944
   12.3802     0.0361    -1.0949
   12.3902     0.0251    -1.0952
   12.4002     0.0142    -1.0954
   12.4102     0.0032    -1.0954
   12.4202    -0.0078    -1.0954
   12.4302    -0.0187    -1.0953
   12.4402    -0.0297    -1.0950
   12.4502    -0.0406    -1.0947
   12.4602    -0.0516    -1.0942
   12.4702    -0.0625    -1.0937
   12.4802    -0.0734    -1.0930
   12.4902    -0.0844    -1.0922
   12.5002    -0.0953    -1.0913
   12.5102    -0.1062    -1.0903
   12.5202    -0.1171    -1.0892
   12.5302    -0.1280    -1.0879
   12.5402    -0.1388    -1.0866
   12.5502    -0.1497    -1.0851
   12.5602    -0.1605    -1.0836
   12.5702    -0.1714    -1.0819
   12.5802    -0.1822    -1.0801
   12.5902    -0.1930    -1.0782
   12.6002    -0.2037    -1.0762
   12.6102    -0.2145    -1.0740
   12.6202    -0.2252    -1.0718
   12.6302    -0.2359    -1.0694
   12.6402    -0.2466    -1.0670
   12.6502    -0.2573    -1.0644
   12.6602    -0.2679    -1.0617
   12.6702    -0.2785    -1.0589
   12.6802    -0.2891    -1.0560
   12.6902    -0.2996    -1.0529
   12.7002    -0.3101    -1.0497
   12.7102    -0.3206    -1.0465
   12.7202    -0.3311    -1.0431
   12.7302    -0.3415    -1.0396
   12.7402    -0.3519    -1.0359
   12.7502    -0.3622    -1.0322
   12.7602    -0.3725    -1.0283
   12.7702    -0.3828    -1.0243
   12.7802    -0.3930    -1.0202
   12.7902    -0.4032    -1.0160
   12.8002    -0.4133    -1.0116
   12.8102    -0.4234    -1.0071
   12.8202    -0.4334    -1.0025
   12.8302    -0.4434    -0.9978
   12.8402    -0.4534    -0.9930
   12.8502    -0.4633    -0.9880
   12.8602    -0.4732    -0.9829
   12.8702    -0.4830    -0.9777
   12.8802    -0.4927    -0.9723
   12.8902    -0.5024    -0.9669
   12.9002    -0.5120    -0.9613
   12.9102    -0.5216    -0.9556
   12.9202    -0.5312    -0.9497
   12.9302    -0.5406    -0.9437
   12.9402    -0.5500    -0.9376
   12.9502    -0.5594    -0.9314
   12.9602    -0.5687    -0.9250
   12.9702    -0.5779    -0.9186
   12.9802    -0.5870    -0.9119
   12.9902    -0.5961    -0.9052
   13.0002    -0.6051    -0.8983
   13.0102    -0.6141    -0.8913
   13.0202    -0.6230    -0.8842
   13.0302    -0.6318    -0.8769
   13.0402    -0.6405    -0.8695
   13.0502    -0.6492    -0.8620
   13.0602    -0.6577    -0.8544
   13.0702    -0.6662    -0.8466
   13.0802    -0.6747    -0.8387
   13.0902    -0.6830    -0.8306
   13.1002    -0.6913    -0.8225
   13.1102    -0.6995    -0.8142
   13.1202    -0.7076    -0.8057
   13.1302    -0.7156    -0.7972
   13.1402    -0.7235    -0.7885
   13.1502    -0.7313    -0.7797
   13.1602    -0.7391    -0.7707
   13.1702    -0.7468    -0.7617
   13.1802    -0.7543    -0.7525
   13.1902    -0.7618    -0.7432
   13.2002    -0.7692    -0.7337
   13.2102    -0.7765    -0.7241
   13.2202    -0.7837    -0.7144
   13.2302    -0.7908    -0.7046
   13.2402    -0.7978    -0.6947
   13.2502    -0.8047    -0.6846
   13.2602    -0.8115    -0.6744
   13.2702    -0.8182    -0.6641
   13.2802    -0.8247    -0.6537
   13.2902    -0.8312    -0.6431
   13.3002    -0.8376    -0.6324
   13.3102    -0.8439    -0.6217
   13.3202    -0.8500    -0.6108
   13.3302    -0.8561    -0.5997
   13.3402    -0.8620    -0.5886
   13.3502    -0.8679    -0.5774
   13.3602    -0.8736    -0.5660
   13.3702    -0.8792    -0.5546
   13.3802    -0.8847    -0.5430
   13.3902    -0.8900    -0.5313
   13.4002    -0.8953    -0.5196
   13.4102    -0.9004    -0.5077
   13.4202    -0.9054    -0.4957
   13.4302    -0.9103    -0.4836
   13.4402    -0.9151    -0.4715
   13.4502    -0.9198    -0.4592
   13.4602    -0.9243    -0.4469
   13.4702    -0.9287    -0.4344
   13.4802    -0.9330    -0.4219
   13.4902    -0.9371    -0.4093
   13.5002    -0.9412    -0.3965
   13.5102    -0.9451    -0.3838
   13.5202    -0.9489    -0.3709
   13.5302    -0.9525    -0.3579
   13.5402    -0.9560    -0.3449
   13.5502    -0.9594    -0.3318
   13.5602    -0.9626    -0.3187
   13.5702    -0.9658    -0.3054
   13.5802    -0.9688    -0.2922
   13.5902    -0.9716    -0.2788
   13.6002    -0.9743    -0.2654
   13.6102    -0.9769    -0.2519
   13.6202    -0.9794    -0.2384
   13.6302    -0.9817    -0.2248
   13.6402    -0.9839    -0.2112
   13.6502    -0.9859    -0.1975
   13.6602    -0.9878    -0.1838
   13.6702    -0.9896    -0.1701
   13.6802    -0.9912    -0.1563
   13.6902    -0.9927    -0.1424
   13.7002    -0.9941    -0.1286
   13.7102    -0.9953    -0.1147
   13.7202    -0.9964    -0.1008
   13.7302    -0.9973    -0.0869
   13.7402    -0.9981    -0.0729
   13.7502    -0.9988    -0.0589
   13.7602    -0.9993    -0.0450
   13.7702    -0.9997    -0.0310
   13.7802    -0.9999    -0.0170
   13.7902    -1.0000    -0.0030
   13.8002    -1.0000     0.0110
   13.8102    -0.9998     0.0250
   13.8202    -0.9995     0.0390
   13.8302    -0.9990     0.0530
   13.8402    -0.9984     0.0670
   13.8502    -0.9977     0.0809
   13.8602    -0.9968     0.0949
   13.8702    -0.9958     0.1088
   13.8802    -0.9946     0.1227
   13.8902    -0.9933     0.1365
   13.9002    -0.9919     0.1504
   13.9102    -0.9903     0.1642
   13.9202    -0.9886     0.1779
   13.9302    -0.9867     0.1917
   13.9402    -0.9848     0.2054
   13.9502    -0.9826     0.2190
   13.9602    -0.9804     0.2326
   13.9702    -0.9780     0.2462
   13.9802    -0.9755     0.2597
   13.9902    -0.9728     0.2731
   14.0002    -0.9700     0.2865
   14.0102    -0.9671     0.2998
   14.0202    -0.9640     0.3130
   14.0302    -0.9608     0.3262
   14.0402    -0.9575     0.3394
   14.0502    -0.9540     0.3524
   14.0602    -0.9504     0.3654
   14.0702    -0.9467     0.3783
   14.0802    -0.9429     0.3911
   14.0902    -0.9389     0.4038
   14.1002    -0.9348     0.4165
   14.1102    -0.9306     0.4291
   14.1202    -0.9262     0.4416
   14.1302    -0.9217     0.4540
   14.1402    -0.9171     0.4663
   14.1502    -0.9124     0.4785
   14.1602    -0.9076     0.4906
   14.1702    -0.9026     0.5026
   14.1802    -0.8975     0.5145
   14.1902    -0.8923     0.5263
   14.2002    -0.8870     0.5380
   14.2102    -0.8815     0.5497
   14.2202    -0.8760     0.5612
   14.2302    -0.8703     0.5725
   14.2402    -0.8645     0.5838
   14.2502    -0.8586     0.5950
   14.2602    -0.8526     0.6061
   14.2702    -0.8465     0.6170
   14.2802    -0.8403     0.6279
   14.2902    -0.8340     0.6386
   14.3002    -0.8275     0.6492
   14.3102    -0.8210     0.6597
   14.3202    -0.8143     0.6700
   14.3302    -0.8076     0.6803
   14.3402    -0.8007     0.6904
   14.3502    -0.7938     0.7004
   14.3602    -0.7867     0.7103
   14.3702    -0.7796     0.7200
   14.3802    -0.7723     0.7296
   14.3902    -0.7650     0.7391
   14.4002    -0.7575     0.7485
   14.4102    -0.7500     0.7578
   14.4202    -0.7424     0.7669
   14.4302    -0.7347     0.7759
   14.4402    -0.7269     0.7848
   14.4502    -0.7190     0.7935
   14.4602    -0.7110     0.8021
   14.4702    -0.7029     0.8106
   14.4802    -0.6948     0.8190
   14.4902    -0.6865     0.8272
   14.5002    -0.6782     0.8353
   14.5102    -0.6698     0.8432
   14.5202    -0.6614     0.8511
   14.5302    -0.6528     0.8588
   14.5402    -0.6442     0.8664
   14.5502    -0.6355     0.8738
   14.5602    -0.6267     0.8811
   14.5702    -0.6179     0.8883
   14.5802    -0.6090     0.8954
   14.5902    -0.6000     0.9023
   14.6002    -0.5909     0.9091
   14.6102    -0.5818     0.9158
   14.6202    -0.5726     0.9223
   14.6302    -0.5633     0.9287
   14.6402    -0.5540     0.9350
   14.6502    -0.5446     0.9412
   14.6602    -0.5352     0.9472
   14.6702    -0.5257     0.9531
   14.6802    -0.5161     0.9589
   14.6902    -0.5065     0.9645
   14.7002    -0.4968     0.9700
   14.7102    -0.4871     0.9754
   14.7202    -0.4773     0.9807
   14.7302    -0.4675     0.9858
   14.7402    -0.4576     0.9909
   14.7502    -0.4477     0.9958
   14.7602    -0.4377     1.0005
   14.7702    -0.4277     1.0052
   14.7802    -0.4176     1.0097
   14.7902    -0.4075     1.0141
   14.8002    -0.3973     1.0184
   14.8102    -0.3871     1.0226
   14.8202    -0.3769     1.0266
   14.8302    -0.3666     1.0305
   14.8402    -0.3563     1.0343
   14.8502    -0.3459     1.0380
   14.8602    -0.3355     1.0416
   14.8702    -0.3251     1.0450
   14.8802    -0.3146     1.0484
   14.8902    -0.3041     1.0516
   14.9002    -0.2936     1.0547
   14.9102    -0.2830     1.0577
   14.9202    -0.2724     1.0605
   14.9302    -0.2618     1.0633
   14.9402    -0.2512     1.0659
   14.9502    -0.2405     1.0684
   14.9602    -0.2298     1.0708
   14.9702    -0.2191     1.0731
   14.9802    -0.2083     1.0753
   14.9902    -0.1976     1.0773
   15.0002    -0.1868     1.0793
   15.0102    -0.1760     1.0811
   15.0202    -0.1652     1.0829
   15.0302    -0.1543     1.0845
   15.0402    -0.1435     1.0860
   15.0502    -0.1326     1.0874
   15.0602    -0.1217     1.0886
   15.0702    -0.1108     1.0898
   15.0802    -0.0999     1.0909
   15.0903    -0.0890     1.0918
   15.1003    -0.0781     1.0927
   15.1103    -0.0672     1.0934
   15.1203    -0.0562     1.0940
   15.1303    -0.0453     1.0945
   15.1403    -0.0343     1.0949
   15.1503    -0.0234     1.0952
   15.1603    -0.0124     1.0954
   15.1703    -0.0015     1.0954
   15.1803     0.0095     1.0954
   15.1903     0.0204     1.0953
   15.2003     0.0314     1.0950
   15.2103     0.0423     1.0946
   15.2203     0.0533     1.0941
   15.2303     0.0642     1.0936
   15.2403     0.0752     1.0929
   15.2503     0.0861     1.0921
   15.2603     0.0970     1.0911
   15.2703     0.1079     1.0901
   15.2803     0.1188     1.0890
   15.2903     0.1297     1.0877
   15.3003     0.1405     1.0864
   15.3103     0.1514     1.0849
   15.3203     0.1622     1.0833
   15.3303     0.1731     1.0816
   15.3403     0.1839     1.0798
   15.3503     0.1947     1.0779
   15.3603     0.2054     1.0758
   15.3703     0.2162     1.0737
   15.3803     0.2269     1.0714
   15.3903     0.2376     1.0691
   15.4003     0.2483     1.0666
   15.4103     0.2589     1.0640
   15.4203     0.2696     1.0613
   15.4303     0.2802     1.0584
   15.4403     0.2907     1.0555
   15.4503     0.3013     1.0524
   15.4603     0.3118     1.0492
   15.4703     0.3223     1.0459
   15.4803     0.3327     1.0425
   15.4903     0.3431     1.0390
   15.5003     0.3535     1.0353
   15.5103     0.3638     1.0316
   15.5203     0.3741     1.0277
   15.5303     0.3844     1.0237
   15.5403     0.3946     1.0195
   15.5503     0.4048     1.0153
   15.5603     0.4149     1.0109
   15.5703     0.4250     1.0064
   15.5803     0.4350     1.0018
   15.5903     0.4450     0.9971
   15.6003     0.4550     0.9922
   15.6103     0.4649     0.9872
   15.6203     0.4747     0.9821
   15.6303     0.4845     0.9769
   15.6403     0.4942     0.9715
   15.6503     0.5039     0.9660
   15.6603     0.5136     0.9604
   15.6703     0.5231     0.9546
   15.6803     0.5327     0.9488
   15.6903     0.5421     0.9428
   15.7003     0.5515     0.9367
   15.7103     0.5608     0.9304
   15.7203     0.5701     0.9240
   15.7303     0.5793     0.9175
   15.7403     0.5885     0.9109
   15.7503     0.5975     0.9041
   15.7603     0.6065     0.8972
   15.7703     0.6155     0.8902
   15.7803     0.6244     0.8831
   15.7903     0.6331     0.8758
   15.8003     0.6419     0.8684
   15.8103     0.6505     0.8608
   15.8203     0.6591     0.8532
   15.8303     0.6676     0.8454
   15.8403     0.6760     0.8374
   15.8503     0.6843     0.8294
   15.8603     0.6926     0.8212
   15.8703     0.7007     0.8129
   15.8803     0.7088     0.8044
   15.8903     0.7168     0.7958
   15.9003     0.7247     0.7871
   15.9103     0.7326     0.7783
   15.9203     0.7403     0.7693
   15.9303     0.7480     0.7602
   15.9403     0.7555     0.7510
   15.9503     0.7630     0.7417
   15.9603     0.7704     0.7322
   15.9703     0.7776     0.7226
   15.9803     0.7848     0.7129
   15.9903     0.7919     0.7030
   16.0003     0.7989     0.6931
   16.0103     0.8057     0.6830
   16.0203     0.8125     0.6728
   16.0303     0.8192     0.6625
   16.0403     0.8258     0.6520
   16.0503     0.8322     0.6414
   16.0603     0.8386     0.6307
   16.0703     0.8449     0.6199
   16.0803     0.8510     0.6090
   16.0903     0.8570     0.5980
   16.1003     0.8630     0.5868
   16.1103     0.8688     0.5756
   16.1203     0.8745     0.5642
   16.1303     0.8801     0.5528
   16.1403     0.8855     0.5412
   16.1503     0.8909     0.5295
   16.1603     0.8961     0.5177
   16.1703     0.9012     0.5058
   16.1803     0.9062     0.4938
   16.1903     0.9111     0.4817
   16.2003     0.9159     0.4695
   16.2103     0.9205     0.4573
   16.2203     0.9250     0.4449
   16.2303     0.9294     0.4324
   16.2403     0.9337     0.4199
   16.2503     0.9378     0.4073
   16.2603     0.9418     0.3945
   16.2703     0.9457     0.3817
   16.2803     0.9494     0.3689
   16.2903     0.9531     0.3559
   16.3003     0.9566     0.3429
   16.3103     0.9599     0.3298
   16.3203     0.9631     0.3166
   16.3303     0.9662     0.3034
   16.3403     0.9692     0.2901
   16.3503     0.9721     0.2767
   16.3603     0.9748     0.2633
   16.3703     0.9773     0.2498
   16.3803     0.9797     0.2363
   16.3903     0.9820     0.2227
   16.4003     0.9842     0.2090
   16.4103     0.9862     0.1954
   16.4203     0.9881     0.1816
   16.4303     0.9899     0.1679
   16.4403     0.9915     0.1541
   16.4503     0.9929     0.1403
   16.4603     0.9943     0.1264
   16.4703     0.9955     0.1125
   16.4803     0.9965     0.0986
   16.4903     0.9974     0.0847
   16.5003     0.9982     0.0707
   16.5103     0.9988     0.0567
   16.5203     0.9993     0.0428
   16.5303     0.9997     0.0288
   16.5403     0.9999     0.0148
   16.5503     1.0000     0.0008
   16.5603     0.9999    -0.0132
   16.5703     0.9997    -0.0272
   16.5803     0.9994    -0.0412
   16.5903     0.9989    -0.0552
   16.6003     0.9983    -0.0692
   16.6103     0.9975    -0.0831
   16.6203     0.9966    -0.0970
   16.6303     0.9956    -0.1110
   16.6403     0.9944    -0.1249
   16.6503     0.9931    -0.1387
   16.6603     0.9916    -0.1526
   16.6703     0.9900    -0.1664
   16.6803     0.9883    -0.1801
   16.6903     0.9864    -0.1938
   16.7003     0.9844    -0.2075
   16.7103     0.9823    -0.2212
   16.7203     0.9800    -0.2347
   16.7303     0.9776    -0.2483
   16.7403     0.9750    -0.2618
   16.7503     0.9724    -0.2752
   16.7603     0.9695    -0.2886
   16.7703     0.9666    -0.3019
   16.7803     0.9635    -0.3151
   16.7903     0.9603    -0.3283
   16.8003     0.9569    -0.3414
   16.8103     0.9535    -0.3545
   16.8203     0.9498    -0.3674
   16.8303     0.9461    -0.3803
   16.8403     0.9422    -0.3931
   16.8503     0.9382    -0.4058
   16.8603     0.9341    -0.4185
   16.8703     0.9299    -0.4310
   16.8803     0.9255    -0.4435
   16.8903     0.9210    -0.4559
   16.9003     0.9164    -0.4682
   16.9103     0.9116    -0.4804
   16.9203     0.9068    -0.4925
   16.9303     0.9018    -0.5045
   16.9403     0.8967    -0.5164
   16.9503     0.8915    -0.5282
   16.9603     0.8861    -0.5399
   16.9703     0.8807    -0.5515
   16.9803     0.8751    -0.5630
   16.9903     0.8694    -0.5743
   17.0003     0.8636    -0.5856
   17.0103     0.8577    -0.5968
   17.0203     0.8517    -0.6078
   17.0303     0.8455    -0.6187
   17.0403     0.8393    -0.6295
   17.0503     0.8330    -0.6402
   17.0603     0.8265    -0.6508
   17.0703     0.8199    -0.6613
   17.0803     0.8133    -0.6716
   17.0903     0.8065    -0.6819
   17.1003     0.7996    -0.6920
   17.1103     0.7927    -0.7019
   17.1203     0.7856    -0.7118
   17.1303     0.7784    -0.7215
   17.1403     0.7712    -0.7311
   17.1503     0.7638    -0.7406
   17.1603     0.7564    -0.7500
   17.1703     0.7488    -0.7592
   17.1803     0.7412    -0.7683
   17.1903     0.7334    -0.7773
   17.2003     0.7256    -0.7861
   17.2103     0.7177    -0.7949
   17.2203     0.7097    -0.8035
   17.2303     0.7016    -0.8119
   17.2403     0.6935    -0.8203
   17.2503     0.6852    -0.8285
   17.2603     0.6769    -0.8365
   17.2703     0.6685    -0.8445
   17.2803     0.6600    -0.8523
   17.2903     0.6515    -0.8600
   17.3003     0.6428    -0.8675
   17.3103     0.6341    -0.8750
   17.3203     0.6253    -0.8823
   17.3303     0.6165    -0.8894
   17.3403     0.6075    -0.8965
   17.3503     0.5985    -0.9034
   17.3603     0.5895    -0.9101
   17.3703     0.5803    -0.9168
   17.3803     0.5711    -0.9233
   17.3903     0.5619    -0.9297
   17.4003     0.5525    -0.9360
   17.4103     0.5432    -0.9421
   17.4203     0.5337    -0.9481
   17.4303     0.5242    -0.9540
   17.4403     0.5146    -0.9598
   17.4503     0.5050    -0.9654
   17.4603     0.4953    -0.9709
   17.4703     0.4856    -0.9763
   17.4803     0.4758    -0.9815
   17.4903     0.4660    -0.9866
   17.5003     0.4561    -0.9916
   17.5103     0.4461    -0.9965
   17.5203     0.4361    -1.0013
   17.5303     0.4261    -1.0059
   17.5403     0.4160    -1.0104
   17.5503     0.4059    -1.0148
   17.5603     0.3957    -1.0191
   17.5703     0.3855    -1.0232
   17.5803     0.3753    -1.0272
   17.5903     0.3650    -1.0311
   17.6003     0.3546    -1.0349
   17.6103     0.3443    -1.0386
   17.6203     0.3339    -1.0421
   17.6303     0.3234    -1.0456
   17.6403     0.3130    -1.0489
   17.6503     0.3024    -1.0521
   17.6603     0.2919    -1.0551
   17.6703     0.2813    -1.0581
   17.6803     0.2707    -1.0610
   17.6903     0.2601    -1.0637
   17.7003     0.2495    -1.0663
   17.7103     0.2388    -1.0688
   17.7203     0.2281    -1.0712
   17.7303     0.2174    -1.0735
   17.7403     0.2066    -1.0756
   17.7503     0.1959    -1.0777
   17.7603     0.1851    -1.0796
   17.7703     0.1743    -1.0814
   17.7803     0.1634    -1.0831
   17.7903     0.1526    -1.0847
   17.8003     0.1418    -1.0862
   17.8103     0.1309    -1.0876
   17.8203     0.1200    -1.0888
   17.8303     0.1091    -1.0900
   17.8403     0.0982    -1.0910
   17.8503     0.0873    -1.0920
   17.8603     0.0764    -1.0928
   17.8703     0.0654    -1.0935
   17.8803     0.0545    -1.0941
   17.8903     0.0436    -1.0946
   17.9003     0.0326    -1.0950
   17.9103     0.0217    -1.0952
   17.9203     0.0107    -1.0954
   17.9303    -0.0003    -1.0954
   17.9403    -0.0112    -1.0954
   17.9503    -0.0222    -1.0952
   17.9603    -0.0331    -1.0949
   17.9703    -0.0441    -1.0946
   17.9803    -0.0550    -1.0941
   17.9903    -0.0659    -1.0935
   18.0003    -0.0769    -1.0927
   18.0103    -0.0878    -1.0919
   18.0203    -0.0987    -1.0910
   18.0303    -0.1096    -1.0899
   18.0403    -0.1205    -1.0888
   18.0503    -0.1314    -1.0875
   18.0603    -0.1423    -1.0861
   18.0703    -0.1531    -1.0846
   18.0803    -0.1639    -1.0830
   18.0903    -0.1748    -1.0813
   18.1003    -0.1856    -1.0795
   18.1103    -0.1964    -1.0776
   18.1203    -0.2071    -1.0755
   18.1303    -0.2179    -1.0734
   18.1403    -0.2286    -1.0711
   18.1503    -0.2393    -1.0687
   18.1603    -0.2500    -1.0662
   18.1703    -0.2606    -1.0636
   18.1803    -0.2712    -1.0608
   18.1903    -0.2818    -1.0580
   18.2003    -0.2924    -1.0550
   18.2103    -0.3029    -1.0519
   18.2203    -0.3134    -1.0487
   18.2303    -0.3239    -1.0454
   18.2403    -0.3343    -1.0420
   18.2503    -0.3447    -1.0384
   18.2603    -0.3551    -1.0348
   18.2703    -0.3654    -1.0310
   18.2803    -0.3757    -1.0271
   18.2903    -0.3860    -1.0230
   18.3003    -0.3962    -1.0189
   18.3103    -0.4064    -1.0146
   18.3203    -0.4165    -1.0102
   18.3303    -0.4266    -1.0057
   18.3403    -0.4366    -1.0011
   18.3503    -0.4466    -0.9963
   18.3603    -0.4565    -0.9914
   18.3703    -0.4664    -0.9864
   18.3803    -0.4762    -0.9813
   18.3903    -0.4860    -0.9760
   18.4003    -0.4958    -0.9706
   18.4103    -0.5054    -0.9651
   18.4203    -0.5151    -0.9595
   18.4303    -0.5246    -0.9537
   18.4403    -0.5341    -0.9478
   18.4503    -0.5436    -0.9418
   18.4603    -0.5530    -0.9357
   18.4703    -0.5623    -0.9294
   18.4803    -0.5716    -0.9230
   18.4903    -0.5808    -0.9165
   18.5003    -0.5899    -0.9098
   18.5103    -0.5990    -0.9031
   18.5203    -0.6080    -0.8961
   18.5303    -0.6169    -0.8891
   18.5403    -0.6257    -0.8819
   18.5503    -0.6345    -0.8746
   18.5603    -0.6432    -0.8672
   18.5703    -0.6519    -0.8596
   18.5803    -0.6604    -0.8519
   18.5903    -0.6689    -0.8441
   18.6003    -0.6773    -0.8362
   18.6103    -0.6856    -0.8281
   18.6203    -0.6939    -0.8199
   18.6303    -0.7020    -0.8115
   18.6403    -0.7101    -0.8031
   18.6503    -0.7181    -0.7945
   18.6603    -0.7260    -0.7857
   18.6703    -0.7338    -0.7769
   18.6803    -0.7415    -0.7679
   18.6903    -0.7492    -0.7588
   18.7003    -0.7567    -0.7496
   18.7103    -0.7641    -0.7402
   18.7203    -0.7715    -0.7307
   18.7303    -0.7788    -0.7211
   18.7403    -0.7859    -0.7114
   18.7503    -0.7930    -0.7015
   18.7603    -0.8000    -0.6915
   18.7703    -0.8068    -0.6814
   18.7803    -0.8136    -0.6712
   18.7903    -0.8202    -0.6608
   18.8003    -0.8268    -0.6503
   18.8103    -0.8332    -0.6398
   18.8203    -0.8396    -0.6291
   18.8303    -0.8458    -0.6182
   18.8403    -0.8520    -0.6073
   18.8503    -0.8580    -0.5962
   18.8603    -0.8639    -0.5851
   18.8703    -0.8697    -0.5738
   18.8803    -0.8754    -0.5624
   18.8903    -0.8809    -0.5509
   18.9003    -0.8864    -0.5393
   18.9103    -0.8917    -0.5276
   18.9203    -0.8969    -0.5158
   18.9303    -0.9020    -0.5039
   18.9403    -0.9070    -0.4919
   18.9503    -0.9119    -0.4798
   18.9603    -0.9166    -0.4676
   18.9703    -0.9212    -0.4553
   18.9803    -0.9257    -0.4429
   18.9903    -0.9301    -0.4305
   19.0003    -0.9343    -0.4179
   19.0103    -0.9384    -0.4053
   19.0203    -0.9424    -0.3925
   19.0303    -0.9463    -0.3797
   19.0403    -0.9500    -0.3668
   19.0503    -0.9536    -0.3539
   19.0603    -0.9571    -0.3408
   19.0703    -0.9604    -0.3277
   19.0803    -0.9636    -0.3145
   19.0903    -0.9667    -0.3013
   19.1003    -0.9697    -0.2880
   19.1103    -0.9725    -0.2746
   19.1203    -0.9752    -0.2612
   19.1303    -0.9777    -0.2477
   19.1403    -0.9801    -0.2341
   19.1503    -0.9824    -0.2205
   19.1603    -0.9845    -0.2069
   19.1703    -0.9865    -0.1932
   19.1803    -0.9884    -0.1795
   19.1903    -0.9901    -0.1657
   19.2003    -0.9917    -0.1519
   19.2103    -0.9932    -0.1381
   19.2203    -0.9945    -0.1242
   19.2303    -0.9956    -0.1103
   19.2403    -0.9967    -0.0964
   19.2503    -0.9976    -0.0825
   19.2603    -0.9983    -0.0685
   19.2703    -0.9989    -0.0545
   19.2803    -0.9994    -0.0406
   19.2903    -0.9997    -0.0266
   19.3003    -0.9999    -0.0126
   19.3103    -1.0000     0.0014
   19.3203    -0.9999     0.0154
   19.3303    -0.9997     0.0294
   19.3403    -0.9993     0.0434
   19.3503    -0.9988     0.0574
   19.3603    -0.9982     0.0714
   19.3703    -0.9974     0.0853
   19.3803    -0.9965     0.0992
   19.3903    -0.9954     0.1132
   19.4003    -0.9942     0.1270
   19.4103    -0.9929     0.1409
   19.4203    -0.9914     0.1547
   19.4303    -0.9898     0.1685
   19.4403    -0.9880     0.1823
   19.4503    -0.9861     0.1960
   19.4604    -0.9841     0.2097
   19.4704    -0.9819     0.2233
   19.4804    -0.9796     0.2369
   19.4904    -0.9772     0.2504
   19.5004    -0.9746     0.2639
   19.5104    -0.9719     0.2773
   19.5204    -0.9691     0.2907
   19.5304    -0.9661     0.3040
   19.5404    -0.9630     0.3172
   19.5504    -0.9598     0.3304
   19.5604    -0.9564     0.3435
   19.5704    -0.9529     0.3565
   19.5804    -0.9493     0.3695
   19.5904    -0.9455     0.3823
   19.6004    -0.9416     0.3951
   19.6104    -0.9376     0.4078
   19.6204    -0.9335     0.4205
   19.6304    -0.9292     0.4330
   19.6404    -0.9248     0.4455
   19.6504    -0.9203     0.4578
   19.6604    -0.9156     0.4701
   19.6704    -0.9109     0.4823
   19.6804    -0.9060     0.4944
   19.6904    -0.9010     0.5064
   19.7004    -0.8959     0.5182
   19.7104    -0.8906     0.5300
   19.7204    -0.8853     0.5417
   19.7304    -0.8798     0.5533
   19.7404    -0.8742     0.5648
   19.7504    -0.8685     0.5761
   19.7604    -0.8627     0.5874
   19.7704    -0.8568     0.5985
   19.7804    -0.8507     0.6095
   19.7904    -0.8446     0.6204
   19.8004    -0.8383     0.6312
   19.8104    -0.8319     0.6419
   19.8204    -0.8255     0.6525
   19.8304    -0.8189     0.6629
   19.8404    -0.8122     0.6733
   19.8504    -0.8054     0.6835
   19.8604    -0.7985     0.6935
   19.8704    -0.7916     0.7035
   19.8804    -0.7845     0.7133
   19.8904    -0.7773     0.7231
   19.9004    -0.7700     0.7326
   19.9104    -0.7626     0.7421
   19.9204    -0.7552     0.7514
   19.9304    -0.7476     0.7607
   19.9404    -0.7400     0.7697
   19.9504    -0.7322     0.7787
   19.9604    -0.7244     0.7875
   19.9704    -0.7165     0.7962
   19.9804    -0.7085     0.8048
   19.9904    -0.7004     0.8132
   20.0004    -0.6922     0.8216
